19
2.4831024931 0.0000000000 1.0000000000 0.0000000000 28.0869116728
5.8072022161 0.0000000000 1.0000000000 0.0000000000 179.4445884145
9.1313019391 0.0000000000 1.0000000000 0.0000000000 587.6216487574
12.4554016620 0.0000000000 1.0000000000 0.0000000000 825.2250172144
15.7795013850 0.0000000000 1.0000000000 0.0000000000 636.4816699629
19.1036011080 0.0000000000 1.0000000000 0.0000000000 530.4516107026
22.4277008310 0.0000000000 1.0000000000 0.0000000000 386.4913263083
25.7518005540 0.0000000000 1.0000000000 0.0000000000 127.2579250177
29.0759002770 0.0000000000 1.0000000000 0.0000000000 54.3361615210
32.4000000000 0.0000000000 1.0000000000 0.0000000000 -2.1372222900
35.7240997230 0.0000000000 1.0000000000 0.0000000000 -102.3624600862
39.0481994460 0.0000000000 1.0000000000 0.0000000000 -208.0929009604
42.3722991690 0.0000000000 1.0000000000 0.0000000000 -209.8376394045
45.6963988920 0.0000000000 1.0000000000 0.0000000000 -124.7379897902
49.0204986150 0.0000000000 1.0000000000 0.0000000000 -171.9749087178
52.3445983380 0.0000000000 1.0000000000 0.0000000000 -102.0498144726
55.6686980609 0.0000000000 1.0000000000 0.0000000000 5.0016556420
58.9927977839 0.0000000000 1.0000000000 0.0000000000 84.0663386844
62.3168975069 0.0000000000 1.0000000000 0.0000000000 -32.1843974148
