2	header
postResults v2.0.2	single_phase_equiaxed_tension.spectralOut --cr f,p
inc	elem	node	ip	grain	1_pos	2_pos	3_pos	1_f	2_f	3_f	4_f	5_f	6_f	7_f	8_f	9_f	1_p	2_p	3_p	4_p	5_p	6_p	7_p	8_p	9_p
0	nan	nan	1	1	16.0	16.0	16.0	1.0	0.0	0.0	0.0	1.0	0.0	0.0	0.0	1.0	1.24523773982e-06	4.77280706211e-07	1.46556326237e-08	4.77280706211e-07	3.53375053851e-06	-4.95910227964e-07	1.46556326237e-08	-4.95910227964e-07	3.31189006807e-06
1	nan	nan	1	1	16.0	16.0	16.0	1.001	5.37460603006e-22	-1.65498161057e-21	-4.18760185105e-23	1.0	-6.58901056687e-22	9.24374334528e-23	2.05719818342e-21	1.0	110585188.821	258405.906324	-175038.21526	258147.768225	58808724.0305	45435.1251871	-174863.424921	45435.1917864	58396731.9433
2	nan	nan	1	1	16.0	16.0	16.0	1.002	9.10725854421e-22	3.09733644467e-19	-3.96881257903e-21	1.0	6.06468145609e-20	-8.28834973778e-22	3.06780609681e-21	1.0	198009547.317	562539.035076	-1078417.88832	561416.171495	130065658.884	599219.575277	-1076265.68934	599219.563158	127489143.529
3	nan	nan	1	1	16.0	16.0	16.0	1.003	2.3326493274e-21	-2.732359543e-19	-5.62979124904e-21	1.0	-8.61183525993e-19	6.30311626765e-22	-8.63808170077e-20	1.0	276391832.833	712319.95432	-1922407.86856	710189.530085	205413757.972	866134.734211	-1916658.56736	866134.383152	201501521.855
4	nan	nan	1	1	16.0	16.0	16.0	1.004	5.83327767972e-21	-8.45110579511e-19	-5.19138552438e-21	1.0	-3.14586713121e-19	-1.02901268202e-21	1.36931478602e-20	1.0	353078672.654	844217.210687	-2352139.50244	840854.703098	281189084.736	979465.737109	-2342767.05981	979468.201207	276850853.926
5	nan	nan	1	1	16.0	16.0	16.0	1.005	7.08066604345e-21	-9.68621879855e-19	-1.50546871485e-21	1.0	9.16387078533e-19	1.40951576379e-21	1.01591014111e-19	1.0	429185996.904	947689.774274	-2543574.27414	942971.099298	357110642.366	1051429.4861	-2530921.52731	1051434.31705	352699766.532
6	nan	nan	1	1	16.0	16.0	16.0	1.006	-3.20085809834e-20	-7.91982423128e-19	1.38304598419e-21	1.0	-2.46814151174e-19	2.88520597658e-21	-1.47949524361e-19	1.0	505024479.336	1020465.41617	-2631951.84546	1014373.80279	433147658.76	1110960.63434	-2616255.73948	1110942.71802	428772191.941
7	nan	nan	1	1	16.0	16.0	16.0	1.007	-3.44636530414e-20	4.02956072322e-19	2.60065584587e-21	1.0	-2.57339197288e-19	3.56018535643e-21	1.74435847575e-20	1.0	580701566.295	1071160.12018	-2673570.04248	1063716.04592	509287770.485	1161149.59666	-2654988.11067	1161135.14449	504975298.698
8	nan	nan	1	1	16.0	16.0	16.0	1.008	-4.24707613709e-20	-1.29839562902e-18	1.35392922663e-20	1.0	1.01447084685e-18	3.95061460555e-21	1.15964104435e-19	1.0	656259219.966	1108277.59009	-2695312.71757	1099476.38574	585526770.795	1205699.08269	-2673925.87684	1205710.6058	581272592.558
9	nan	nan	1	1	16.0	16.0	16.0	1.009	-4.13855004073e-20	9.35422158789e-19	-1.28113733272e-20	1.0	4.19179400239e-18	-2.58212700015e-20	-1.93844813468e-19	1.0	731719505.825	1136529.50035	-2707166.68515	1126391.5607	661858317.537	1241193.36165	-2683022.16909	1241197.03781	657649059.891
10	nan	nan	1	1	16.0	16.0	16.0	1.01	-2.27640104575e-20	2.60948351736e-18	-2.87130934229e-20	1.0	1.39702202782e-18	-4.96109844185e-20	-1.38344303088e-19	1.0	807083896.786	1158738.87301	-2716118.8067	1147265.97608	738278450.23	1273055.46633	-2689228.94066	1273071.51895	734107501.493
11	nan	nan	1	1	16.0	16.0	16.0	1.011	1.78273965617e-20	3.94697501086e-19	-4.6719160997e-20	1.0	-9.04763536566e-19	3.22269566651e-21	-9.10196458829e-20	1.0	882369295.282	1178422.14432	-2724200.58016	1165608.39886	814781682.7	1300540.96177	-2694559.76543	1300553.96419	810637013.397
12	nan	nan	1	1	16.0	16.0	16.0	1.012	5.64732747802e-20	1.40262700365e-18	-3.32791304042e-20	1.0	1.69022777647e-18	4.88764480345e-20	1.7679165796e-19	1.0	957569580.885	1194390.03248	-2732114.42667	1180230.62799	891367836.344	1324128.12261	-2699730.90713	1324126.76727	887243854.056
13	nan	nan	1	1	16.0	16.0	16.0	1.013	-2.40345598783e-20	-5.35764221006e-18	9.72764400362e-21	1.0	3.88192552749e-19	4.98161252104e-20	3.04263499077e-19	1.0	1032696381.32	1209445.69023	-2740114.12045	1193939.41196	968033623.666	1344545.99697	-2704956.67866	1344557.85356	963920001.226
14	nan	nan	1	1	16.0	16.0	16.0	1.014	2.01964418361e-20	-8.74283585354e-19	4.46148135187e-20	1.0	-2.70743493678e-18	-3.21343124365e-20	7.87343594252e-20	1.0	1107744120.94	1222406.11633	-2748353.73059	1205536.12076	1044779712.81	1361162.37901	-2710431.12903	1361157.18265	1040670267.77
15	nan	nan	1	1	16.0	16.0	16.0	1.015	2.26184266696e-20	2.49277164166e-18	1.61995051162e-20	1.0	2.48851662458e-18	-9.50000389905e-20	1.362531905e-19	1.0	1182718417.86	1234850.17898	-2757266.73893	1216619.37987	1121604140.5	1375073.38236	-2716539.55956	1375073.84272	1117491212.69
16	nan	nan	1	1	16.0	16.0	16.0	1.016	-5.99805205774e-20	-4.58911862911e-18	8.02034321931e-21	1.0	1.13396535814e-19	-9.02619484418e-20	-1.03867415157e-19	1.0	1257616388.48	1245976.50394	-2766605.6018	1226368.50796	1198507056.55	1386079.30944	-2723069.61618	1386068.5976	1194385541.07
17	nan	nan	1	1	16.0	16.0	16.0	1.017	-8.03887206504e-20	-7.65191035704e-18	9.82028823223e-21	1.0	-2.69360447694e-18	-4.42707063838e-20	9.37923552962e-19	1.0	1332440945.17	1256669.39616	-2776743.18946	1235685.30716	1275487168.39	1394933.41445	-2730357.97239	1394924.80899	1271351771.26
18	nan	nan	1	1	16.0	16.0	16.0	1.018	-7.77417426902e-20	6.12149387492e-18	1.06408513999e-20	1.0	-2.13405980594e-18	1.7741369778e-19	5.35589520461e-19	1.0	1407190387.7	1266435.89967	-2787488.78676	1244062.83778	1352544443.59	1401733.63649	-2738241.927	1401716.68522	1348391631.91
19	nan	nan	1	1	16.0	16.0	16.0	1.019	-1.63847935735e-20	4.58933038734e-18	-4.10281583826e-21	1.0	2.87435336695e-18	2.18058044359e-19	2.90744059145e-19	1.0	1481866649.75	1275794.70054	-2799002.37627	1252032.2547	1429677921.93	1406985.89016	-2746851.72837	1406969.13984	1425504249.95
20	nan	nan	1	1	16.0	16.0	16.0	1.02	-7.7953500927e-20	-3.57675543846e-18	2.03552605137e-20	1.0	2.70502618684e-18	1.71709460276e-19	1.32494481796e-19	1.0	1556468685.79	1284483.58542	-2811132.22218	1259322.42809	1506887560.58	1410833.73844	-2756059.35108	1410811.28527	1502690716.45
21	nan	nan	1	1	16.0	16.0	16.0	1.021	1.82376781456e-20	-6.54036490222e-18	-8.86737616657e-22	1.0	1.00747951631e-18	-2.67874169569e-20	7.22261023657e-19	1.0	1630997746.35	1292799.25159	-2823952.43342	1266237.12611	1584172674.21	1413592.04684	-2765915.9113	1413568.35665	1579950538.37
22	nan	nan	1	1	16.0	16.0	16.0	1.022	8.45709458274e-20	9.15536736863e-19	-5.58512349596e-21	1.0	-2.45474118581e-18	-1.48019007533e-19	-2.87991202066e-20	1.0	1705453261.18	1300627.82556	-2837319.16854	1272658.59504	1661533220.09	1415386.9242	-2776295.15638	1415359.88152	1657284337.8
23	nan	nan	1	1	16.0	16.0	16.0	1.023	2.06278992436e-19	2.48515496257e-18	-4.44692297309e-21	1.0	2.30599425934e-18	-1.43863252135e-19	8.29496718268e-20	1.0	1779836041.17	1308140.61854	-2851284.36909	1278760.01512	1738968726.0	1416394.5829	-2787233.04117	1416365.37459	1734691828.6
24	nan	nan	1	1	16.0	16.0	16.0	1.024	1.5881867761e-21	5.4707475783e-18	-5.6155637425e-20	1.0	-7.20826361602e-18	-9.88646268123e-20	-7.71560988165e-19	1.0	1854145804.41	1315304.3583	-2865724.3075	1284508.26267	1816479150.17	1416718.83234	-2798617.69289	1416687.83916	1812173347.61
25	nan	nan	1	1	16.0	16.0	16.0	1.025	-1.85553155008e-20	2.98919250575e-18	-1.04251226961e-19	1.0	2.08632155843e-18	-7.55447509832e-20	-6.04708732446e-19	1.0	1928383110.04	1322216.84722	-2880682.01901	1289999.31873	1894064168.64	1416448.29943	-2810481.41213	1416414.64468	1889728700.15
26	nan	nan	1	1	16.0	16.0	16.0	1.026	1.27107881647e-19	4.48431153677e-18	-1.00902799842e-19	1.0	2.62400219148e-18	-5.9742292561e-20	-2.47803459186e-19	1.0	2002547842.99	1328882.86423	-2896053.52072	1295240.7352	1971723739.44	1415668.775	-2822727.98823	1415634.33422	1967358058.58
27	nan	nan	1	1	16.0	16.0	16.0	1.027	2.0267910241e-19	-3.40033435741e-18	-8.72311586774e-20	1.0	-2.30414137477e-18	6.35804106033e-20	6.55041018358e-19	1.0	2076640408.45	1335354.40653	-2911876.32667	1300280.57509	2049457638.54	1414418.68307	-2835387.81435	1414381.33154	2045061274.63
28	nan	nan	1	1	16.0	16.0	16.0	1.028	-1.40819227481e-20	-8.70313118414e-18	-5.87893804954e-20	1.0	9.91068252957e-19	1.65383182951e-19	3.05395082155e-19	1.0	2150660791.29	1341652.49902	-2928061.46719	1305144.07457	2127265819.09	1412770.92345	-2848376.99473	1412733.43741	2122838426.84
29	nan	nan	1	1	16.0	16.0	16.0	1.029	-1.96299885526e-19	4.02023012591e-19	-1.01114558078e-20	1.0	-1.96284003658e-18	8.60003139259e-20	1.20325000624e-19	1.0	2224609300.62	1347801.9729	-2944640.95982	1309851.17614	2205148121.82	1410736.57308	-2861722.77742	1410696.10718	2200689393.21
30	nan	nan	1	1	16.0	16.0	16.0	1.03	-1.60618622623e-19	-1.52021238208e-18	2.20757961878e-20	1.0	-6.03812730406e-18	-1.85288457212e-20	-9.18064600815e-19	1.0	2298485981.4	1353829.92272	-2961538.58518	1314433.68254	2283104491.5	1408377.73509	-2875352.42187	1408337.55713	2278614201.16
31	nan	nan	1	1	16.0	16.0	16.0	1.031	9.82028823223e-20	-6.51315396879e-19	2.46698345888e-20	1.0	2.75261885056e-18	-8.26121821369e-20	2.2193586707e-19	1.0	2372291083.09	1359746.39962	-2978779.97265	1318896.59889	2361134810.35	1405691.62399	-2889288.12812	1405648.53624	2356612743.46
32	nan	nan	1	1	16.0	16.0	16.0	1.032	1.754416992e-19	-2.62768149084e-18	7.41153828848e-21	1.0	-3.96026284022e-18	-3.84870595409e-20	-1.38266878983e-18	1.0	2446024687.2	1365580.51894	-2996300.38573	1323273.58075	2439239014.96	1402729.29012	-2903467.88469	1402686.76402	2434685019.3
33	nan	nan	1	1	16.0	16.0	16.0	1.033	-1.49183677835e-19	-3.3703705669e-18	4.97631856512e-21	1.0	7.96126267124e-18	1.30866590351e-19	8.67149979752e-19	1.0	2519687005.94	1371334.27775	-3014118.65585	1327561.90131	2517417014.52	1399482.15367	-2917907.73808	1399436.87319	2512830929.28
34	nan	nan	1	1	16.0	16.0	16.0	1.034	2.37539802146e-19	-1.03949471474e-18	2.54639279768e-20	1.0	9.01957739928e-18	1.62524446754e-19	1.48793248586e-19	1.0	2593278142.13	1377036.67015	-3032180.73702	1331794.54973	2595668739.56	1395990.17742	-2932556.15971	1395945.62769	2591050457.19
35	nan	nan	1	1	16.0	16.0	16.0	1.035	-1.52307111828e-19	3.45525915009e-18	-7.5227113628e-20	1.0	8.42154566874e-18	1.22660958674e-19	3.07148705053e-19	1.0	2666798284.77	1382684.65655	-3050498.70925	1335964.35517	2673994116.96	1392243.77805	-2947422.64804	1392196.67027	2669343507.34
36	nan	nan	1	1	16.0	16.0	16.0	1.036	-2.92755762395e-20	2.43312861077e-18	-6.98008088097e-20	1.0	6.74262048816e-18	5.02925812432e-20	2.04055530949e-19	1.0	2740247548.79	1388305.58362	-3069028.59269	1340101.96374	2752393073.12	1388272.17967	-2962465.86334	1388225.89526	2747710055.17
37	nan	nan	1	1	16.0	16.0	16.0	1.037	2.17052192734e-21	3.82059504815e-18	-7.08331302141e-20	1.0	-1.20704841962e-17	4.38339550204e-20	1.11252483666e-18	1.0	2813626108.41	1393892.72799	-3087776.30303	1344197.24866	2830865546.6	1384068.05726	-2977689.04796	1384019.42518	2826150006.65
38	nan	nan	1	1	16.0	16.0	16.0	1.038	-5.5957114078e-20	-4.64150232294e-18	5.48718531143e-20	1.0	-8.28017057588e-18	7.29507125823e-20	8.62716291668e-20	1.0	2886934085.02	1399471.2569	-3106707.5905	1348277.94722	2909411460.55	1379651.06496	-2993060.90539	1379603.29918	2904663333.5
39	nan	nan	1	1	16.0	16.0	16.0	1.039	3.85399991001e-20	1.77797509585e-19	1.82270902337e-19	1.0	-1.06638801081e-18	1.09796645788e-19	2.25641636215e-19	1.0	2960171644.0	1405031.59885	-3125823.0465	1352331.86688	2988030761.01	1375018.10554	-3008579.07332	1374968.20194	2983249941.91
40	nan	nan	1	1	16.0	16.0	16.0	1.04	-3.94399716065e-20	-9.43425296652e-18	1.75918155233e-19	1.0	-3.57564370772e-18	7.90917014499e-20	8.72596136905e-19	1.0	3033338908.79	1410597.37296	-3145097.7358	1356384.47207	3066723369.34	1370180.93318	-3024221.9784	1370131.90004	3061909802.73
41	nan	nan	1	1	16.0	16.0	16.0	1.041	4.92867296184e-20	2.16176043029e-18	1.34334131479e-19	1.0	-5.57554143574e-18	1.13714173169e-19	5.70992850678e-19	1.0	3106436039.77	1416156.95564	-3164527.62667	1360422.25668	3145489235.94	1365141.75399	-3039982.24239	1365090.77529	3140642821.79
42	nan	nan	1	1	16.0	16.0	16.0	1.042	3.45377684243e-19	-4.42196197092e-18	1.07308486505e-19	1.0	-9.33822060612e-18	-3.1033169605e-19	-4.00659818941e-19	1.0	3179463160.47	1421733.08748	-3184096.46148	1364469.13971	3224328281.35	1359906.08276	-3055847.39616	1359855.94901	3219448970.03
43	nan	nan	1	1	16.0	16.0	16.0	1.043	-3.90323370007e-19	-1.97543965167e-19	5.51100811307e-20	1.0	7.24565217971e-18	-3.29231118686e-19	-7.51496895227e-19	1.0	3252420427.69	1427312.85901	-3203796.08471	1368510.94471	3303240458.93	1354481.18905	-3071805.51703	1354429.27908	3298328153.0
44	nan	nan	1	1	16.0	16.0	16.0	1.044	-1.1763170055e-19	-3.36989411087e-18	-1.76818127739e-20	1.0	-8.84400335118e-18	-2.76662136397e-19	-2.79388523696e-20	1.0	3325307964.26	1432918.36854	-3223617.8898	1372570.41168	3382225688.58	1348867.54958	-3087852.20022	1348816.44147	3377280342.26
45	nan	nan	1	1	16.0	16.0	16.0	1.045	-7.53329927464e-20	-1.34415923098e-17	6.71803006291e-20	1.0	-1.1428089115e-17	-1.31872441976e-19	-1.43011586977e-18	1.0	3398125924.31	1438535.86473	-3243549.80064	1376632.97594	3461283925.94	1343076.81379	-3103971.22412	1343024.07665	3456305442.94
46	nan	nan	1	1	16.0	16.0	16.0	1.046	3.52048068703e-20	-4.29165124594e-18	9.07384044746e-20	1.0	4.98214191663e-18	1.29701920048e-19	8.15057453495e-19	1.0	3470874429.56	1444186.61961	-3263589.63283	1380720.17993	3540415090.73	1337105.19033	-3120164.97923	1337053.21007	3535403427.21
47	nan	nan	1	1	16.0	16.0	16.0	1.047	1.1297301934e-19	-1.16231449209e-18	2.00640929381e-20	1.0	-1.08981376576e-18	3.03131915999e-19	-3.43849054471e-19	1.0	3543553632.19	1449856.0725	-3283721.28429	1384816.95749	3619619139.7	1330967.81853	-3136412.90526	1330914.34499	3614574200.19
48	nan	nan	1	1	16.0	16.0	16.0	1.048	-6.34745314849e-20	9.55267876046e-19	-9.50265087701e-20	1.0	-1.83859089113e-19	3.30766365903e-19	-3.3828378331e-19	1.0	3616163652.69	1455564.64208	-3303947.76349	1388943.77513	3698895992.55	1324657.56444	-3152722.93453	1324604.8098	3693817734.62
49	nan	nan	1	1	16.0	16.0	16.0	1.049	-3.92811529289e-20	-1.31383015751e-17	-1.15355299504e-19	1.0	-3.77980511778e-18	4.09222792642e-20	4.20082019724e-19	1.0	3688704641.54	1461297.19568	-3324248.847	1393085.17321	3778245606.56	1318192.46532	-3169070.13435	1318138.34166	3773133935.95
50	nan	nan	1	1	16.0	16.0	16.0	1.05	2.78567960528e-19	1.34066786705e-18	-1.79518045259e-19	1.0	-8.9092513579e-18	-9.39147780268e-20	-7.87714171167e-19	1.0	3761176717.8	1467073.17635	-3344631.76006	1397260.54452	3857667901.59	1311562.96684	-3185466.98195	1311509.52746	3852522777.46
51	nan	nan	1	1	16.0	16.0	16.0	1.051	-1.85817852804e-20	1.11362068553e-17	-1.87908965392e-19	1.0	3.29839923617e-19	-5.89746689526e-20	1.48019007533e-19	1.0	3833580030.77	1472877.53682	-3365072.43654	1401454.56535	3937162834.69	1304789.96507	-3201884.50234	1304735.26687	3931984165.23
52	nan	nan	1	1	16.0	16.0	16.0	1.052	-3.98370183006e-19	1.54135908901e-17	8.84355336493e-20	1.0	-8.98201678202e-18	1.54583512874e-20	7.89375149837e-19	1.0	3905914697.95	1478728.75748	-3385582.01511	1405685.65877	4016730326.22	1297861.92991	-3218339.36188	1297807.87776	4011518072.81
53	nan	nan	1	1	16.0	16.0	16.0	1.053	2.38757412007e-20	5.77605001623e-18	2.49610021644e-20	1.0	-4.41857383913e-18	4.76456032831e-21	-1.30242565297e-18	1.0	3978180867.31	1484612.46032	-3406133.46584	1409939.12482	4096370332.9	1290802.32196	-3234799.44731	1290747.10047	4091124407.16
54	nan	nan	1	1	16.0	16.0	16.0	1.054	5.68041470252e-20	-5.56466235633e-18	2.61521422465e-20	1.0	-1.80023618049e-18	8.39621408966e-20	2.99613089673e-18	1.0	4050378654.77	1490546.18049	-3426742.31211	1414232.51527	4176082775.71	1283597.89723	-3251285.98485	1283543.27325	4170803141.99
55	nan	nan	1	1	16.0	16.0	16.0	1.055	-3.67876996904e-19	9.41093309069e-18	-7.94887481439e-20	1.0	4.09320730827e-18	4.30716253679e-19	-5.08802103504e-19	1.0	4122508206.99	1496516.61659	-3447380.02231	1418552.06848	4255867610.54	1276274.30742	-3267765.18294	1276218.57952	4250554185.57
56	nan	nan	1	1	16.0	16.0	16.0	1.056	9.66676351054e-20	-4.29953924026e-18	-1.04105643173e-19	1.0	2.21885574489e-18	-3.03555432472e-19	-1.1275629802e-18	1.0	4194569638.12	1502540.14748	-3468067.10121	1422914.33069	4335724759.36	1268816.41843	-3284263.28287	1268761.22926	4330377511.59
57	nan	nan	1	1	16.0	16.0	16.0	1.057	-5.41518751092e-19	-6.5071717986e-18	-2.13822879623e-19	1.0	9.26045239365e-18	-1.09690766669e-19	6.59782417629e-19	1.0	4266563093.68	1508604.68661	-3488774.28806	1427306.54188	4415654176.69	1261251.96679	-3300745.62398	1261195.71991	4410273029.97
58	nan	nan	1	1	16.0	16.0	16.0	1.058	1.54477633756e-19	8.175429658e-18	1.99899775552e-19	1.0	-7.64367825558e-18	6.65979654779e-20	6.48873559711e-19	1.0	4338488685.6	1514725.20456	-3509527.02876	1431744.07749	4495655786.23	1253563.29993	-3317243.31969	1253507.52563	4490240714.08
59	nan	nan	1	1	16.0	16.0	16.0	1.059	-1.28801947542e-19	8.77671717143e-18	4.17746061674e-19	1.0	-1.72292854219e-17	3.28013508824e-19	-2.14140516978e-19	1.0	4410346558.41	1520890.92913	-3530295.15019	1436215.21237	4575729540.53	1245780.21663	-3333720.73018	1245723.41951	4570280475.91
60	nan	nan	1	1	16.0	16.0	16.0	1.06	2.41086752612e-19	-4.17113433941e-18	4.13590306277e-19	1.0	-7.79905586184e-19	5.11184383668e-19	1.477046789e-19	1.0	4482136821.61	1527115.19887	-3551108.27645	1440733.98182	4655875365.42	1237882.04566	-3350213.03602	1237825.65795	4650392288.31
61	nan	nan	1	1	16.0	16.0	16.0	1.061	-4.45751088493e-20	-3.50986630541e-18	2.7112995246e-19	1.0	1.11458947947e-17	-9.07384044746e-20	2.91940162311e-19	1.0	4553859618.88	1533388.66946	-3571934.65631	1445289.76843	4736093211.2	1229900.7001	-3366683.03031	1229843.32012	4730576065.45
62	nan	nan	1	1	16.0	16.0	16.0	1.062	2.77932685818e-19	5.99752266215e-19	4.54750813557e-20	1.0	1.22512727908e-18	-1.11914228156e-19	2.03408841147e-18	1.0	4625515057.05	1539723.19572	-3592807.34926	1449895.43325	4816383006.26	1221811.93161	-3383169.20327	1221754.90808	4810831779.43
63	nan	nan	1	1	16.0	16.0	16.0	1.063	1.14772964353e-19	-1.27788949077e-17	-7.34006988355e-20	1.0	5.28490325572e-18	-1.79570984818e-19	2.65069365548e-18	1.0	4697103279.25	1546111.03044	-3613692.53408	1454541.61158	4896744698.13	1213649.81955	-3399632.3298	1213591.83846	4891159346.8
64	nan	nan	1	1	16.0	16.0	16.0	1.064	5.63276909924e-20	1.41750963723e-18	-1.75891685453e-19	1.0	2.29507812223e-17	-2.72638729897e-19	1.74492261293e-18	1.0	4768624389.22	1552562.56391	-3634626.35438	1459239.99993	4977178217.81	1205386.01822	-3416113.85307	1205328.35499	4971558739.27
65	nan	nan	1	1	16.0	16.0	16.0	1.065	-3.84976474527e-19	1.38834788104e-17	-3.26637080285e-20	1.0	1.19818104345e-18	5.688885032e-19	1.34256790091e-18	1.0	4840078529.95	1559071.57129	-3655572.86586	1463982.43598	5057683509.9	1197057.36329	-3432572.49035	1196998.78758	5052029875.49
66	nan	nan	1	1	16.0	16.0	16.0	1.066	8.19504376469e-20	-1.05127376666e-17	1.20913953221e-19	1.0	3.79137241147e-18	5.16584218707e-19	-8.01461085767e-19	1.0	4911465801.54	1565647.00354	-3676570.95048	1468779.45589	5138260508.01	1188631.31905	-3449052.30071	1188573.03816	5132572727.25
67	nan	nan	1	1	16.0	16.0	16.0	1.067	-6.74344105133e-19	2.57950649196e-18	2.15675764195e-19	1.0	-2.5136761501e-18	4.12187407958e-19	-3.18409941912e-19	1.0	4982786347.35	1572283.85134	-3697582.2038	1473623.84547	5218909153.46	1180148.22092	-3465509.6261	1180089.08898	5213187215.19
68	nan	nan	1	1	16.0	16.0	16.0	1.068	1.42619172494e-19	-4.41095054261e-18	6.32098336889e-20	1.0	4.4964744005e-18	2.93602795342e-19	1.67742302058e-19	1.0	5054040263.29	1578989.39853	-3718647.86879	1478524.74094	5299629382.53	1171571.38004	-3481990.80056	1171512.54638	5293873311.58
69	nan	nan	1	1	16.0	16.0	16.0	1.069	-2.55803950071e-19	-4.46796644787e-18	-7.81917289434e-20	1.0	2.55618661614e-18	1.19961041155e-19	1.29969595695e-18	1.0	5125227693.32	1585759.40084	-3739726.59989	1483475.47322	5380421133.24	1162945.36422	-3498449.35545	1162885.75743	5374630938.8
70	nan	nan	1	1	16.0	16.0	16.0	1.07	2.30075324298e-19	-2.1734336031e-19	-2.22769665128e-19	1.0	8.81803649739e-18	-1.94817577868e-20	-1.90282312006e-18	1.0	5196348728.93	1592599.28184	-3760861.49648	1488483.589	5461284344.86	1154229.37045	-3514933.4043	1154170.09331	5455460069.52
71	nan	nan	1	1	16.0	16.0	16.0	1.071	3.39977849204e-19	2.02014181547e-17	-1.54609982654e-19	1.0	-1.05376192594e-18	-2.49768840322e-19	6.57320728126e-19	1.0	5267403515.06	1599505.16725	-3782007.98718	1493542.61371	5542218951.79	1145472.74354	-3531393.45335	1145412.78346	5536360627.68
72	nan	nan	1	1	16.0	16.0	16.0	1.072	-5.49406745413e-19	-2.60896735666e-18	-2.36428071402e-19	1.0	-3.70518680909e-18	-4.49350978518e-19	1.26399815043e-19	1.0	5338392138.73	1606480.32805	-3803210.89329	1498658.22682	5623224896.79	1136630.24219	-3547879.22815	1136570.67212	5617332585.87
73	nan	nan	1	1	16.0	16.0	16.0	1.073	-3.84023562461e-19	-1.20507112708e-17	-1.45477908691e-19	1.0	1.16575556344e-17	-1.31078348588e-19	4.5189207736e-19	1.0	5409314745.63	1613521.0886	-3824422.38257	1503824.01431	5704302110.54	1127756.27727	-3564338.21985	1127696.117	5698375869.89
74	nan	nan	1	1	16.0	16.0	16.0	1.074	-3.06096531314e-19	9.21955658417e-18	-1.73535875069e-19	1.0	2.25279000234e-17	5.31513174402e-20	1.57081598324e-18	1.0	5480171418.7	1620628.42325	-3845689.39897	1509043.63941	5785450539.7	1118800.82404	-3580822.09918	1118741.13459	5779490451.39
75	nan	nan	1	1	16.0	16.0	16.0	1.075	-1.4823076577e-20	7.88984720588e-19	-1.8343557264e-19	1.0	6.57064633009e-18	4.3728075902e-20	3.55918612225e-18	1.0	5550962304.07	1627798.47045	-3866960.94285	1514310.41658	5866670111.42	1109823.39168	-3597275.48683	1109763.19827	5860676258.02
76	nan	nan	1	1	16.0	16.0	16.0	1.076	-1.28854887101e-19	3.61259552004e-18	-3.07340610955e-19	1.0	-5.34615432571e-18	8.17280914982e-19	-2.48088009317e-19	1.0	5621687480.31	1635030.17408	-3888286.68733	1519626.22676	5947960777.04	1100768.53358	-3613752.51121	1100708.90594	5941933259.95
77	nan	nan	1	1	16.0	16.0	16.0	1.077	-3.23990102325e-20	2.56369344563e-17	-1.02146879483e-19	1.0	-1.35797380895e-17	6.49462512307e-19	1.31410544322e-18	1.0	5692347093.65	1642319.1999	-3909612.43021	1524983.88698	6029322460.69	1091700.91144	-3630194.90935	1091640.85554	6023261386.41
78	nan	nan	1	1	16.0	16.0	16.0	1.078	-5.4294811919e-19	-1.21754104025e-17	-1.98258649217e-20	1.0	-1.13845992671e-17	-5.05784548629e-19	-7.59087104528e-20	1.0	5762941217.8	1649662.81133	-3930991.13927	1530383.77504	6110755119.06	1082559.64447	-3646659.77115	1082500.25984	6104660605.88
79	nan	nan	1	1	16.0	16.0	16.0	1.079	1.55112908466e-19	-4.77700112472e-18	-9.28162821734e-20	1.0	2.8583020926e-17	-1.64218512649e-19	1.2889459177e-19	1.0	5833469998.69	1657056.43641	-3952365.14982	1535818.48953	6192258673.13	1073415.17662	-3663085.7128	1073355.43816	6186130849.51
80	nan	nan	1	1	16.0	16.0	16.0	1.08	2.9307339975e-19	2.55506959144e-17	-1.34135608132e-19	1.0	3.11591657559e-17	2.99002630381e-19	6.44208261056e-19	1.0	5903933504.86	1664495.9707	-3973791.18095	1541287.15547	6273833085.34	1064201.57921	-3679533.2261	1064142.61198	6267672083.92
81	nan	nan	1	1	16.0	16.0	16.0	1.081	7.16166356904e-19	-1.53951679235e-17	-9.41927107126e-20	1.0	4.33585577788e-18	1.42301535139e-19	-2.09296547311e-19	1.0	5974331881.97	1671976.84414	-3995207.27367	1546782.44361	6355478273.49	1054995.75782	-3695937.04023	1054936.51775	6349284242.14
82	nan	nan	1	1	16.0	16.0	16.0	1.082	-3.00908454512e-19	-1.52564662784e-17	3.14778619023e-19	1.0	3.11602245471e-18	-1.93652907566e-19	2.53703573059e-18	1.0	6044665192.45	1679493.63674	-4016673.8724	1552302.23162	6437194205.92	1045727.3266	-3712361.04648	1045668.92417	6430967289.51
83	nan	nan	1	1	16.0	16.0	16.0	1.083	-4.36010209599e-19	-5.25824818766e-18	5.43424575223e-20	1.0	2.33659332456e-18	-2.58239169794e-19	2.91246984957e-19	1.0	6114933582.27	1687042.02777	-4038123.55413	1557839.5473	6518980796.96	1036479.51125	-3728734.99802	1036420.9268	6512721160.65
84	nan	nan	1	1	16.0	16.0	16.0	1.084	-2.92861641513e-19	2.82345198077e-18	1.72728546791e-19	1.0	9.73187916836e-18	-1.08102579893e-19	-1.09240780416e-19	1.0	6185137107.38	1694615.44415	-4059621.04833	1563391.12786	6600838020.72	1027177.37927	-3745126.71365	1027119.65126	6594545819.91
85	nan	nan	1	1	16.0	16.0	16.0	1.085	5.77464711791e-19	1.57645007583e-17	4.92205551694e-20	1.0	-1.47409143811e-17	-2.26157796917e-19	9.10679532307e-19	1.0	6255275914.17	1702210.06636	-4081092.94774	1568950.62377	6682765787.93	1017909.65018	-3761460.49763	1017851.85051	6676441203.49
86	nan	nan	1	1	16.0	16.0	16.0	1.086	2.84920707633e-19	-1.21621225732e-17	2.13756705174e-19	1.0	-5.62085769842e-18	-7.99704981326e-19	-9.99009186837e-19	1.0	6325350051.69	1709818.3997	-4102609.11409	1574513.7918	6764764077.93	1008596.66046	-3777808.86553	1008539.7009	6758407275.52
87	nan	nan	1	1	16.0	16.0	16.0	1.087	7.22095587534e-20	8.6379096472e-18	4.34766129958e-19	1.0	5.97470571214e-18	-1.15408239063e-19	-3.06367846555e-18	1.0	6395359667.13	1717437.40174	-4124090.19927	1580075.22331	6846832797.76	999331.57406	-3794090.71514	999274.702609	6840443973.47
88	nan	nan	1	1	16.0	16.0	16.0	1.088	2.50615873269e-19	1.71788869615e-17	4.52765580087e-19	1.0	1.76493608241e-17	6.14310644996e-19	1.66807257094e-18	1.0	6465304802.26	1725058.88212	-4145612.04611	1585629.83315	6928971931.44	990030.676949	-3810384.03903	989974.62665	6922551261.91
89	nan	nan	1	1	16.0	16.0	16.0	1.089	-4.19069550654e-19	2.65021521421e-17	3.64488865115e-19	1.0	-1.9738514649e-17	6.13675370286e-19	-1.04324018855e-18	1.0	6535185604.47	1732680.58168	-4167088.87175	1591173.27264	7011181382.79	980791.037963	-3826601.91075	980735.298358	7004729079.74
90	nan	nan	1	1	16.0	16.0	16.0	1.09	-4.58668340938e-19	-6.34745314849e-20	3.0703620849e-19	1.0	1.95839311361e-18	6.37604051046e-19	-2.79849097861e-18	1.0	6605002107.9	1740294.52238	-4188602.54237	1596700.34198	7093461139.97	971525.978086	-3842827.81169	971471.061461	7086977392.6
91	nan	nan	1	1	16.0	16.0	16.0	1.091	-1.35525271561e-20	-7.44650486733e-18	1.70941836668e-19	1.0	-1.0979399881e-17	7.35224598217e-19	9.12730940226e-19	1.0	6674754459.76	1747899.30722	-4210060.26059	1602207.95949	7175811104.1	962336.175405	-3858968.49319	962281.815786	7169296140.65
92	nan	nan	1	1	16.0	16.0	16.0	1.092	5.26007460245e-19	-8.13201921945e-18	1.05879118407e-19	1.0	2.43574911895e-18	3.58294936689e-19	1.4922867646e-18	1.0	6744442686.25	1755488.11885	-4231549.59248	1607691.51458	7258231267.0	953133.057428	-3875112.61188	953079.523743	7251685291.12
93	nan	nan	1	1	16.0	16.0	16.0	1.093	-1.57654007308e-19	2.63785118016e-17	2.92226366803e-20	1.0	-1.15223480002e-17	-2.7316812549e-20	-5.02197893493e-18	1.0	6814066933.73	1763059.58219	-4252970.03543	1613148.55564	7340721527.82	944020.297858	-3891159.99128	943967.530414	7334144785.31
94	nan	nan	1	1	16.0	16.0	16.0	1.094	-2.85344224106e-19	4.13796770557e-18	2.4656599699e-20	1.0	1.24962241313e-17	-4.44480539072e-19	-4.18566624842e-18	1.0	6883627220.45	1770608.9449	-4274414.74973	1618575.70575	7423281881.51	934907.896784	-3907204.33315	934855.925019	7416674592.32
95	nan	nan	1	1	16.0	16.0	16.0	1.095	-1.16361151129e-19	5.7189811714e-18	1.88160428299e-19	1.0	-3.33302170789e-18	-6.03510974919e-20	1.20413674386e-18	1.0	6953123691.18	1778133.66116	-4295774.95543	1623970.19906	7505912226.34	925901.802516	-3923138.09192	925850.708997	7499274654.08
96	nan	nan	1	1	16.0	16.0	16.0	1.096	2.33992851679e-20	9.34557920485e-18	3.94690883641e-19	1.0	7.25451955588e-18	3.59989002583e-21	1.4377854884e-18	1.0	7022556356.37	1785631.61683	-4317149.07183	1629330.25479	7588612560.32	916910.443393	-3939059.62579	916860.069814	7581944941.25
97	nan	nan	1	1	16.0	16.0	16.0	1.097	4.14199111207e-19	-2.53248557548e-17	-1.40059544806e-18	1.0	1.43631906262e-17	-1.73218237714e-19	-1.87869260723e-18	1.0	7091925358.56	1793097.378	-4338419.51549	1634651.38704	7671382781.51	908041.136718	-3954853.63793	907991.662098	7664685396.19
98	nan	nan	1	1	16.0	16.0	16.0	1.098	2.74544554029e-19	7.99953797255e-18	-2.91564622313e-19	1.0	8.77579072915e-19	9.55029648029e-20	6.6253858343e-19	1.0	7161230700.63	1800531.84267	-4359690.24564	1639933.60929	7754222890.64	899199.886961	-3970623.27153	899151.100155	7747495990.95
99	nan	nan	1	1	16.0	16.0	16.0	1.099	-4.86620428198e-19	-2.80121207195e-17	5.14837213253e-20	1.0	7.89381767282e-19	3.03661311591e-19	-1.45451438911e-19	1.0	7230472521.88	1807924.77454	-4380834.98228	1645169.10999	7837132786.63	890494.533998	-3986245.74006	890446.700367	7830376667.96
100	nan	nan	1	1	16.0	16.0	16.0	1.1	1.67818402675e-19	1.83029526221e-17	4.48834817816e-19	1.0	-2.29930269906e-17	3.73329771502e-19	-2.58911502196e-18	1.0	7299650817.04	1815280.05128	-4401964.03839	1650359.5525	7920112473.58	881827.753654	-4001829.56189	881780.738918	7913327400.51
101	nan	nan	1	1	16.0	16.0	16.0	1.099	-6.03193337563e-19	3.12962792143e-18	4.38154261747e-19	1.0	-2.39387392762e-17	-1.41454502191e-19	1.47476377051e-18	1.0	7188700076.11	1514575.12667	-4211820.75753	1378154.22033	7859670816.23	888034.521596	-3831922.06085	888361.692181	7853293881.47
102	nan	nan	1	1	16.0	16.0	16.0	1.098	-2.70309389293e-19	-1.03249081106e-17	-3.21025487009e-19	1.0	1.52555398361e-17	-4.21398891259e-20	-1.3090629502e-18	1.0	7078176069.7	1210306.22304	-4017257.36473	1102430.13874	7799228754.48	861301.541874	-3658600.93285	861332.913372	7793157879.13
103	nan	nan	1	1	16.0	16.0	16.0	1.097	-4.21187133022e-19	2.00232500682e-17	-4.03756783154e-19	1.0	-2.52982800961e-17	9.27501077243e-20	1.89957726334e-18	1.0	6978367606.22	582983.885814	-3037884.88021	526010.888336	7732408186.95	482534.768049	-2775493.8503	486623.273978	7727904574.55
104	nan	nan	1	1	16.0	16.0	16.0	1.096	-2.96885048013e-19	9.38766615442e-18	-2.37301574129e-19	1.0	1.30965057931e-17	2.55803950071e-19	-8.56747356368e-19	1.0	6899094030.95	-417117.982679	-1040109.19135	-380608.433004	7652926080.0	-117868.061847	-950394.706928	-114555.013956	7652639034.94
105	nan	nan	1	1	16.0	16.0	16.0	1.095	-1.23560931181e-19	-2.61860235644e-18	-8.04204843859e-19	1.0	-4.30102154792e-18	3.94717353421e-19	-1.51603015691e-18	1.0	6825082211.31	-946003.768605	916742.001492	-863359.783841	7570747894.01	-440338.89394	833994.137924	-440711.945951	7574345412.21
106	nan	nan	1	1	16.0	16.0	16.0	1.094	1.09902524906e-19	-2.01513638014e-17	-5.18185640373e-19	1.0	1.42725051612e-19	3.08531751037e-19	1.09111078496e-18	1.0	6752825020.39	-1225947.27763	2305378.43775	-1116891.02188	7488346341.16	-574283.184324	2109506.54128	-573537.713502	7494417100.7
107	nan	nan	1	1	16.0	16.0	16.0	1.093	1.59348073202e-19	1.14597734412e-17	-2.8977791219e-19	1.0	1.41046867586e-17	2.58556807149e-19	3.99640732426e-19	1.0	6681583015.01	-1370064.63686	3217588.64201	-1250057.5609	7405971090.21	-622428.500555	2946243.24079	-623859.880262	7413421243.51
108	nan	nan	1	1	16.0	16.0	16.0	1.092	-3.27060596759e-19	6.87679580096e-18	7.10382710061e-20	1.0	1.30580716731e-18	3.44954167769e-19	-1.53606778007e-18	1.0	6611136448.38	-1441793.98437	3761425.14641	-1314780.85456	7323543705.38	-612432.323964	3449540.84084	-611681.06587	7331681402.17
109	nan	nan	1	1	16.0	16.0	16.0	1.091	3.32142794442e-19	-6.96197555172e-18	-3.19146132658e-19	1.0	-3.18577561792e-17	4.44692297309e-21	1.03854180267e-18	1.0	6541025247.16	-1472215.51441	4084402.16737	-1344171.18033	7241173553.79	-598268.566861	3749229.11279	-598486.20619	7249580925.21
110	nan	nan	1	1	16.0	16.0	16.0	1.09	3.21343124365e-19	-3.92705650171e-19	-5.46395807983e-19	1.0	1.82346076511e-17	-1.95452852579e-19	-1.69740108674e-18	1.0	6471158583.51	-1485956.06463	4272237.23081	-1357652.58837	7158842515.21	-584957.216623	3924006.22095	-584540.278367	7167245081.44
111	nan	nan	1	1	16.0	16.0	16.0	1.089	-2.93814553579e-19	-6.02611002412e-19	-5.29250008246e-19	1.0	1.16471265412e-17	-2.13240544471e-19	4.51420915283e-18	1.0	6401351482.27	-1492083.33965	4384494.83954	-1365717.65055	7076584025.23	-583171.415567	4030164.27453	-583586.53718	7084836944.72
112	nan	nan	1	1	16.0	16.0	16.0	1.088	4.10281583826e-19	9.06838767286e-18	-2.10209754707e-19	1.0	2.53426963863e-18	-2.85026586751e-19	2.70891724444e-19	1.0	6331572473.9	-1502814.95036	4447769.77359	-1377612.3089	6994380164.14	-589295.463175	4090544.59183	-589764.257746	7002412335.44
113	nan	nan	1	1	16.0	16.0	16.0	1.087	-4.57821307991e-19	8.90443385801e-20	4.62030002948e-20	1.0	-1.26942180827e-17	3.66129991451e-19	-1.1591910581e-18	1.0	6261768871.86	-1518570.28611	4479958.20551	-1394539.27245	6912231911.62	-603496.573243	4123456.95018	-604056.206148	6920026731.76
114	nan	nan	1	1	16.0	16.0	16.0	1.086	-1.72688842121e-19	5.65595662617e-18	1.7409174044e-19	1.0	1.24265027318e-18	7.57882729556e-19	-1.68567497437e-18	1.0	6191931328.83	-1541200.42744	4489076.89225	-1417504.86764	6830130728.81	-625525.750467	4134770.9474	-625964.381877	6837700357.47
115	nan	nan	1	1	16.0	16.0	16.0	1.085	-3.74388562686e-19	-1.53715833499e-17	9.9552841082e-20	1.0	-5.17044792872e-18	7.33530532322e-19	-2.09312429178e-18	1.0	6122044804.17	-1567033.93894	4483185.05303	-1443378.79863	6748077413.57	-652965.248146	4132857.42009	-653219.92061	6755449008.47
116	nan	nan	1	1	16.0	16.0	16.0	1.084	-1.80206259528e-19	-9.74569639331e-18	1.76189470474e-19	1.0	2.721940376e-18	7.97693278077e-19	-1.50594517088e-18	1.0	6052106392.91	-1594626.3021	4467076.35742	-1470650.41655	6666071488.19	-684052.366875	4121300.66014	-684227.714764	6673277068.76
117	nan	nan	1	1	16.0	16.0	16.0	1.083	-6.3199245777e-19	1.66167217823e-17	1.29589423485e-19	1.0	-4.04694342748e-17	6.89484819065e-19	8.59473743667e-20	1.0	5982111310.67	-1621239.60264	4444786.06846	-1496919.13405	6584116302.59	-716293.849455	4104335.50243	-716326.388427	6591186669.82
118	nan	nan	1	1	16.0	16.0	16.0	1.082	2.23193181602e-19	1.97901307192e-18	-2.26978360085e-20	1.0	1.79477546496e-17	-1.75759336555e-19	-1.53365903012e-18	1.0	5912058415.62	-1645907.83327	4418737.91478	-1521282.28222	6502214524.99	-748495.527878	4083772.76567	-748510.23965	6509176765.61
119	nan	nan	1	1	16.0	16.0	16.0	1.081	-6.50097787018e-19	9.37946052274e-18	-2.60131759036e-19	1.0	1.12414242293e-17	3.681416947e-19	5.97634683847e-19	1.0	5841945904.54	-1667483.22655	4390690.56856	-1542743.47298	6420369710.24	-779521.667034	4061527.74098	-779459.544511	6427245938.93
120	nan	nan	1	1	16.0	16.0	16.0	1.08	-7.34801081743e-20	-2.03003886606e-17	-4.00487765374e-19	1.0	1.61379893484e-17	2.91167575619e-19	8.51797507583e-19	1.0	5771773216.98	-1685802.10082	4361939.29848	-1561175.53975	6338584450.26	-808802.471149	4038545.9318	-808757.564443	6345392401.95
121	nan	nan	1	1	16.0	16.0	16.0	1.079	2.39392686718e-19	1.21700370373e-17	-2.40729410588e-19	1.0	1.8206284987e-17	2.03076149104e-19	4.09805127793e-19	1.0	5701539374.18	-1700781.58792	4333251.24079	-1576510.23738	6256861449.24	-836003.376331	4015708.01017	-835928.182981	6263614602.58
122	nan	nan	1	1	16.0	16.0	16.0	1.078	-4.42680594059e-19	-2.19406150234e-17	-8.70723399998e-20	1.0	-2.1005199482e-17	8.54232727306e-19	-1.16599379145e-19	1.0	5631243929.81	-1712690.41397	4305348.75687	-1589017.82692	6175202526.52	-861000.069174	3993514.86029	-860950.681061	6181911298.28
123	nan	nan	1	1	16.0	16.0	16.0	1.077	-1.04185052512e-19	-1.44954865846e-17	-2.62064052947e-19	1.0	3.88915177732e-18	7.83399597092e-19	6.08354944586e-19	1.0	5560886189.25	-1721904.55429	4278537.39745	-1599027.66083	6093609500.41	-883855.91877	3972366.59723	-883793.013421	6100281456.95
124	nan	nan	1	1	16.0	16.0	16.0	1.076	3.16155047563e-19	2.01711896664e-17	-1.79729803496e-19	1.0	-2.17956665103e-17	4.28175154837e-19	1.7359940254e-18	1.0	5490465764.23	-1728785.09504	4253151.4362	-1606893.1368	6012083493.54	-904686.428697	3952460.06182	-904642.544375	6018724414.54
125	nan	nan	1	1	16.0	16.0	16.0	1.075	2.77403290226e-19	2.47577407268e-17	-2.65240426499e-19	1.0	-2.38095667517e-19	2.1927565422e-19	-5.11131444109e-20	1.0	5419982161.64	-1733792.51415	4229189.69385	-1613019.02404	5930625648.51	-923695.139345	3933883.68086	-923641.446047	5937239567.42
126	nan	nan	1	1	16.0	16.0	16.0	1.074	-2.63003730122e-19	-1.11461859623e-17	-2.56849506365e-19	1.0	-2.42596059445e-17	7.52800531872e-20	1.84679652281e-18	1.0	5349435076.07	-1737223.35506	4206701.50576	-1617697.23466	5849236615.29	-941077.572424	3916608.21446	-941036.224361	5855826607.6
127	nan	nan	1	1	16.0	16.0	16.0	1.073	5.85617403908e-19	2.52706985857e-18	-2.42913167405e-19	1.0	-3.07336640488e-18	9.95263713024e-20	-1.32955055961e-18	1.0	5278824171.06	-1739448.05251	4185518.64088	-1621253.27224	5767917085.93	-957047.716185	3900545.13116	-956998.610647	5774485199.98
128	nan	nan	1	1	16.0	16.0	16.0	1.072	-8.30092288309e-20	-1.04872737386e-17	-1.75878450563e-19	1.0	3.57779173033e-17	-6.50097787018e-20	1.13277421805e-18	1.0	5208149205.8	-1740651.08749	4165567.31264	-1623871.94427	5686667426.43	-971795.32158	3885573.99094	-971755.385076	5693215237.79
129	nan	nan	1	1	16.0	16.0	16.0	1.071	-2.28381258403e-19	-3.9170773948e-18	-2.16787494938e-20	1.0	-7.24350812756e-18	-2.43839609691e-19	-3.123433993e-21	1.0	5137409940.01	-1741086.32879	4146645.83085	-1625774.43498	5605488060.35	-985490.330405	3871556.9669	-985445.165175	5612016545.01
130	nan	nan	1	1	16.0	16.0	16.0	1.07	-2.78038564936e-19	4.57148975589e-18	1.13330361365e-19	1.0	-8.6067679515e-18	-2.15040489484e-19	6.41415699308e-19	1.0	5066606162.8	-1740851.63933	4128660.04592	-1627062.41749	5524379201.2	-998290.075747	3858368.30097	-998252.75136	5530889127.91
131	nan	nan	1	1	16.0	16.0	16.0	1.069	-3.5289510165e-19	5.54727171113e-18	1.68453677385e-19	1.0	2.38311396221e-18	5.92499546604e-19	-1.71174770728e-18	1.0	4995737682.45	-1740119.28313	4111432.5994	-1627884.2035	5443341118.99	-1010319.53863	3845879.80289	-1010278.93256	5449832908.84
132	nan	nan	1	1	16.0	16.0	16.0	1.068	-2.38757412007e-19	1.62460919283e-17	1.66878725499e-19	1.0	5.04569585746e-18	7.45918389176e-19	-1.63390008547e-18	1.0	4924804301.58	-1738934.66631	4094884.21888	-1628290.96016	5362373943.63	-1021704.50652	3833988.07561	-1021670.65111	5368847958.55
133	nan	nan	1	1	16.0	16.0	16.0	1.067	5.41571690651e-19	1.25629015061e-17	-5.86305618178e-20	1.0	4.82009392591e-18	7.24636686376e-19	1.62233279179e-19	1.0	4853805855.32	-1737422.7274	4078874.68356	-1628388.89665	5281477854.03	-1032533.6008	3822591.07264	-1032497.54679	5287934259.84
134	nan	nan	1	1	16.0	16.0	16.0	1.066	-3.64330046438e-19	-9.59418337487e-18	-3.95723205045e-21	1.0	1.02429510555e-17	5.36807130322e-20	-3.8680288932e-19	1.0	4782742154.29	-1735596.08099	4063344.83179	-1628197.68421	5200652934.08	-1042906.21637	3811609.59012	-1042875.85549	5207091917.52
135	nan	nan	1	1	16.0	16.0	16.0	1.065	-2.40345598783e-20	1.89186396956e-17	-9.79381845263e-22	1.0	9.81172525853e-18	-6.0478152434e-19	1.76799598894e-18	1.0	4711613051.06	-1733552.36626	4048186.89507	-1627799.2505	5119899311.09	-1052881.47174	3800966.61261	-1052849.63367	5126320945.64
136	nan	nan	1	1	16.0	16.0	16.0	1.064	-2.35157521981e-19	-2.80959240417e-17	-1.3089306013e-20	1.0	6.02374759629e-18	7.49835916557e-19	3.92573301273e-19	1.0	4640418361.63	-1731281.36492	4033357.2049	-1627191.64426	5039217048.3	-1062536.70306	3790600.8444	-1062509.73949	5045621461.32
137	nan	nan	1	1	16.0	16.0	16.0	1.063	1.72053567411e-19	5.32984894148e-18	-2.90505831129e-20	1.0	-4.10308219042e-18	-6.67567841555e-19	1.36001727594e-19	1.0	4569157951.48	-1728864.59953	4018774.84551	-1626442.44078	4958606247.94	-1071906.23353	3780457.04219	-1071878.41805	4964993488.53
138	nan	nan	1	1	16.0	16.0	16.0	1.062	-1.51089501966e-19	-8.48748188972e-18	-5.84982129198e-21	1.0	-4.78035947801e-19	-1.05349722815e-18	1.27425519003e-19	1.0	4497831639.76	-1726275.07696	4004407.58314	-1625533.97348	4878066968.62	-1081048.46941	3770486.73897	-1081024.92917	4884437143.52
139	nan	nan	1	1	16.0	16.0	16.0	1.061	1.96617522881e-19	5.21663769412e-18	-8.30886381697e-20	1.0	5.97380077655e-18	-5.70582569094e-19	-6.47450809058e-19	1.0	4426439301.81	-1723584.99403	3990198.63092	-1624525.4519	4797599302.23	-1089976.72423	3760655.09571	-1089952.85114	4803952449.11
140	nan	nan	1	1	16.0	16.0	16.0	1.06	1.66230215899e-19	9.93312890267e-18	-6.40568666361e-20	1.0	-1.10141398124e-17	-4.79632406383e-20	3.39289634935e-19	1.0	4354980758.01	-1720755.56593	3976123.98685	-1623388.20576	4717203309.91	-1098734.87004	3750922.69871	-1098714.75843	4723539516.01
141	nan	nan	1	1	16.0	16.0	16.0	1.059	2.14934610366e-19	1.72219532929e-17	1.14005340745e-19	1.0	4.11264274394e-19	4.98161252104e-19	1.03838298399e-18	1.0	4283455891.05	-1717853.60993	3962147.12268	-1622176.58534	4636879079.23	-1107319.83908	3741272.19194	-1107299.72982	4643198362.79
142	nan	nan	1	1	16.0	16.0	16.0	1.058	-1.66018457662e-19	5.90352847479e-18	4.20843025887e-19	1.0	-1.19404315515e-17	8.01716684576e-19	6.24951496396e-19	1.0	4211864521.09	-1714832.7044	3948248.81589	-1620854.733	4556626674.99	-1115766.27801	3731669.54837	-1115749.43557	4562929095.37
143	nan	nan	1	1	16.0	16.0	16.0	1.057	-1.92647055941e-19	9.44380855695e-18	3.47971722644e-19	1.0	5.696931845e-18	-1.926999955e-20	1.93385562792e-18	1.0	4140206536.45	-1711756.41351	3934407.85932	-1619474.13431	4476446180.82	-1124060.39152	3722110.67586	-1124043.70263	4482731729.69
144	nan	nan	1	1	16.0	16.0	16.0	1.056	-6.59097512082e-20	1.56409662969e-17	3.19437300233e-19	1.0	5.29180525075e-18	-7.88058278302e-19	1.07202607387e-20	1.0	4068481757.06	-1708574.48696	3920606.5874	-1617995.18481	4396337664.05	-1132233.18776	3712563.7036	-1132219.30768	4402606368.37
145	nan	nan	1	1	16.0	16.0	16.0	1.055	1.65753759866e-19	7.89567055739e-19	2.17052192734e-19	1.0	-4.45842409232e-18	7.69211795225e-19	-1.70984188315e-18	1.0	3996690074.24	-1705347.68523	3906834.63571	-1616467.04783	4316301203.8	-1140265.18634	3703033.81059	-1140251.4615	4322553028.09
146	nan	nan	1	1	16.0	16.0	16.0	1.054	-1.13396535814e-19	-2.20757961878e-20	3.70576914424e-20	1.0	-2.5707714647e-18	2.16522797142e-19	1.65237599164e-18	1.0	3924831309.03	-1702024.98821	3893073.80506	-1614849.0562	4236336867.49	-1148187.12255	3693489.25008	-1148175.79735	4242571809.55
147	nan	nan	1	1	16.0	16.0	16.0	1.053	-4.38816006237e-19	8.17598552337e-19	-1.7610344369e-19	1.0	-8.63519649479e-18	-3.47283508374e-20	3.87702861826e-19	1.0	3852905353.52	-1698664.23951	3879321.25415	-1613188.14237	4156444729.34	-1155977.07992	3683941.46886	-1155965.80142	4162662732.92
148	nan	nan	1	1	16.0	16.0	16.0	1.052	-4.53162626781e-19	-7.5798066774e-18	-7.32154103783e-20	1.0	-1.85430070533e-18	-2.40451477902e-19	-9.2975100851e-19	1.0	3780912030.55	-1695215.82866	3865557.47301	-1611444.42893	4076624856.01	-1163666.55048	3674358.10746	-1163657.32319	4082825897.32
149	nan	nan	1	1	16.0	16.0	16.0	1.051	-1.24143266332e-19	-9.00898948744e-18	3.25048893509e-20	1.0	4.29945983092e-18	-3.98846639038e-19	-1.55414663953e-18	1.0	3708851231.08	-1691733.75458	3851784.93306	-1609661.92094	3996877316.73	-1171232.66335	3664754.85092	-1171223.29988	4003061328.49
150	nan	nan	1	1	16.0	16.0	16.0	1.05	-1.50401287697e-19	-4.8528105735e-18	7.54388718648e-20	1.0	-1.61781969437e-18	3.75976749463e-19	-8.6196190295e-19	1.0	3636722780.72	-1688171.55582	3837982.75547	-1607802.99029	3917202177.1	-1178707.19515	3655098.67631	-1178699.60114	3923369123.47
151	nan	nan	1	1	16.0	16.0	16.0	1.049	5.3230726779e-19	4.44837881096e-18	-2.80844361574e-20	1.0	-9.71422382537e-18	2.0000565467e-19	-2.78647369867e-19	1.0	3564526567.53	-1684578.66737	3824157.32837	-1605908.19105	3837599502.41	-1186066.75473	3645408.22057	-1186058.81134	3843749314.39
152	nan	nan	1	1	16.0	16.0	16.0	1.048	2.6051557084e-19	1.31800973571e-18	-1.9404995426e-19	1.0	4.17027407158e-18	3.53424497242e-19	-7.99837330224e-19	1.0	3492262420.16	-1680912.91008	3810286.805	-1603943.0654	3758069357.25	-1193342.53645	3635650.17633	-1193336.14727	3764201995.92
153	nan	nan	1	1	16.0	16.0	16.0	1.047	3.72694496792e-20	-1.04365047014e-18	-2.7843561163e-19	1.0	-3.3267748399e-18	2.34945763745e-19	-1.04515924757e-18	1.0	3419930223.02	-1677218.88771	3796380.52432	-1601944.57149	3678611803.98	-1200510.70454	3625845.25829	-1200503.75221	3684727206.43
154	nan	nan	1	1	16.0	16.0	16.0	1.046	-1.16837607162e-19	1.31242461221e-18	-3.99137806614e-19	1.0	-2.44286948966e-18	4.39398341388e-20	6.56424064342e-19	1.0	3347529808.17	-1673459.62349	3782416.14412	-1599882.21643	3599226906.46	-1207600.96384	3615960.30322	-1207595.409	3605325037.61
155	nan	nan	1	1	16.0	16.0	16.0	1.045	-1.03232140447e-19	1.60491567681e-17	-1.77665160687e-19	1.0	5.0107292786e-20	-1.98205709658e-19	1.51293319269e-18	1.0	3275061055.99	-1669674.62918	3768405.13598	-1597789.16429	3519914725.19	-1214589.42526	3606017.37051	-1214583.11866	3525995533.45
156	nan	nan	1	1	16.0	16.0	16.0	1.044	-2.09640654445e-19	6.47371399719e-18	-2.01964418361e-20	1.0	-8.99080474885e-18	-2.3589867581e-19	-1.22131563082e-19	1.0	3202523801.94	-1665832.51378	3754324.88355	-1595639.22697	3440675323.56	-1221503.97166	3595983.61739	-1221498.95457	3446738782.39
157	nan	nan	1	1	16.0	16.0	16.0	1.043	-1.81582688068e-19	-5.25478064653e-18	1.57971644663e-19	1.0	1.87085755247e-18	-2.89685267961e-19	6.64894393815e-19	1.0	3129917922.16	-1661967.84122	3740188.42384	-1593461.92499	3361508761.3	-1228320.70467	3585881.96107	-1228314.78752	3367554833.22
158	nan	nan	1	1	16.0	16.0	16.0	1.042	-1.80523896884e-19	5.97923204445e-18	1.82588539693e-19	1.0	-6.55381155026e-18	-3.41883673336e-19	-4.81670579412e-19	1.0	3057243255.61	-1658054.6652	3725973.17587	-1591235.24721	3282415101.3	-1235065.53534	3575680.15201	-1235060.83869	3288443771.11
159	nan	nan	1	1	16.0	16.0	16.0	1.041	2.94343949171e-20	2.8389897414e-18	1.50507166815e-19	1.0	-2.28810068833e-18	-4.58985978293e-19	-4.28333973515e-19	1.0	2984499674.47	-1654123.09296	3711692.98272	-1588985.50961	3203394403.08	-1241715.15472	3565401.26525	-1241709.45716	3209405648.81
160	nan	nan	1	1	16.0	16.0	16.0	1.04	3.721651012e-20	-2.19381533339e-19	1.89523621948e-19	1.0	1.15306330412e-17	-4.41621802875e-19	-1.06630860147e-18	1.0	2911687020.95	-1650152.47009	3697325.5476	-1586694.78306	3124446729.37	-1248293.46321	3555013.87066	-1248288.94517	3130440548.14
161	nan	nan	1	1	16.0	16.0	16.0	1.039	-8.56032672319e-20	-9.25425846523e-18	1.49818952546e-19	1.0	-1.17420471709e-17	-7.50682949504e-20	5.25557473992e-19	1.0	2838805163.06	-1646168.87622	3682884.78973	-1584386.53152	3045572140.3	-1254778.10952	3544540.50766	-1254772.54436	3051548525.27
162	nan	nan	1	1	16.0	16.0	16.0	1.038	1.5881867761e-22	5.81567527629e-19	3.33783920777e-20	1.0	2.7711212265e-19	1.82535600133e-19	1.58681034756e-18	1.0	2765853946.25	-1642156.64224	3668348.99549	-1582046.6814	2966770698.54	-1261191.04461	3533950.85266	-1261186.63946	2972729658.64
163	nan	nan	1	1	16.0	16.0	16.0	1.037	2.26104857358e-19	-2.1692778477e-18	1.56436397446e-20	1.0	-2.9133433523e-18	4.21557709937e-19	-4.58641871159e-19	1.0	2692833234.54	-1638138.21034	3653731.53229	-1579696.14375	2888042465.05	-1267511.00184	3523266.31253	-1267505.55167	2893984007.41
164	nan	nan	1	1	16.0	16.0	16.0	1.036	-3.57394964182e-19	-1.78681600223e-18	-6.33951221461e-20	1.0	7.79572066961e-18	5.21507597713e-19	1.55562894719e-19	1.0	2619742876.68	-1634102.03562	3639011.46744	-1577323.96808	2809387502.29	-1273757.90567	3512457.8648	-1273753.61305	2815311646.76
165	nan	nan	1	1	16.0	16.0	16.0	1.035	-2.85873619698e-20	-4.50682408432e-18	-8.49415227418e-20	1.0	2.25255177432e-18	3.07525899413e-19	4.27195772992e-19	1.0	2546582732.59	-1630067.25663	3624201.24423	-1574948.75244	2730805872.32	-1279911.49328	3501545.41876	-1279906.21708	2736712638.75
166	nan	nan	1	1	16.0	16.0	16.0	1.034	-7.51741740688e-20	4.58284529134e-18	-1.12602442426e-19	1.0	3.03608372031e-20	-8.36445035414e-21	-1.19047833759e-18	1.0	2473352654.31	-1626025.12872	3609281.01815	-1572561.48991	2652297636.84	-1285989.40257	3490501.55168	-1285985.31355	2658187055.92
167	nan	nan	1	1	16.0	16.0	16.0	1.033	6.64391468003e-20	-3.76585554393e-18	-1.44604405964e-19	1.0	-3.2099901723e-19	-1.63212661024e-19	1.29410752473e-19	1.0	2400052497.82	-1621991.60858	3594262.23111	-1570178.4904	2573862858.82	-1291972.29734	3479344.60192	-1291967.35037	2579734963.28
168	nan	nan	1	1	16.0	16.0	16.0	1.032	2.71844636509e-19	3.16504448653e-18	-1.44339708168e-19	1.0	1.39283980264e-19	-3.28754662653e-19	1.73721163526e-19	1.0	2326682118.21	-1617960.01628	3579126.90766	-1567792.07116	2495501599.29	-1297875.2418	3468049.4868	-1297871.54475	2501356431.04
169	nan	nan	1	1	16.0	16.0	16.0	1.031	-3.01755487459e-21	4.49650087028e-18	-1.41216274175e-19	1.0	1.5698961584e-18	-3.98423122565e-19	6.06290301777e-20	1.0	2253241367.22	-1613943.65794	3563885.77473	-1565416.67146	2417213922.4	-1303679.99459	3456633.24973	-1303675.59845	2423051527.23
170	nan	nan	1	1	16.0	16.0	16.0	1.03	1.93547028448e-19	2.73406353506e-19	-2.39286807599e-20	1.0	-1.68885134793e-18	-3.6687114528e-19	-4.66106349006e-19	1.0	2179730102.82	-1609937.62851	3548523.44644	-1563045.73217	2338999888.64	-1309399.11357	3445073.8359	-1309396.02929	2344820319.69
171	nan	nan	1	1	16.0	16.0	16.0	1.029	4.60044769477e-20	1.43537673846e-18	-5.10602048517e-20	1.0	2.42100545171e-18	-1.98152770098e-19	8.70207239296e-19	1.0	2106148173.11	-1605953.72453	3533050.16946	-1560692.8306	2260859563.27	-1315015.89061	3433387.24	-1315012.27004	2266662878.86
172	nan	nan	1	1	16.0	16.0	16.0	1.028	-3.03873069827e-20	-2.53162266067e-18	-5.39454108283e-20	1.0	-6.85580526574e-18	1.07996700775e-19	9.01693042132e-19	1.0	2032495438.53	-1601988.85191	3517453.5147	-1558352.64281	2182793006.34	-1320540.93772	3421554.81097	-1320538.69795	2188579270.47
173	nan	nan	1	1	16.0	16.0	16.0	1.027	3.59459606991e-20	-2.74184565026e-18	-6.48509600242e-21	1.0	-4.76403093271e-19	-1.15778815978e-19	-3.77869338704e-19	1.0	1958771743.7	-1598054.06336	3501742.85458	-1556038.55927	2104800283.85	-1325959.47214	3409591.13007	-1325956.89547	2110569567.41
174	nan	nan	1	1	16.0	16.0	16.0	1.026	-2.45586615145e-19	-5.06737460695e-18	7.84696616292e-20	1.0	2.37169225231e-20	-2.08423044584e-19	-7.98196203889e-20	1.0	1884976951.73	-1594147.90166	3485908.17696	-1553746.40947	2026881455.21	-1331280.50905	3397480.44219	-1331279.44179	2032633833.12
175	nan	nan	1	1	16.0	16.0	16.0	1.025	-3.71900403404e-20	2.77239177592e-18	1.05482071713e-19	1.0	-2.13277602163e-18	8.89913990209e-20	-7.06531357128e-19	1.0	1811110903.65	-1590280.82098	3469957.36943	-1551489.47538	1949036587.06	-1336491.37582	3385235.35588	-1336490.23199	1954772143.08
176	nan	nan	1	1	16.0	16.0	16.0	1.024	1.1630821157e-19	6.6124156423e-19	1.31872441976e-19	1.0	4.17248429817e-18	2.46963043684e-19	-7.34470209498e-19	1.0	1737173464.51	-1586452.00134	3453881.93029	-1549263.84872	1871265738.4	-1341599.77264	3372842.12833	-1341600.31316	1876984558.92
177	nan	nan	1	1	16.0	16.0	16.0	1.023	6.07746139655e-20	-2.2406403735e-18	1.17883163456e-19	1.0	4.79526527264e-19	2.73326944167e-19	-3.29959037625e-19	1.0	1663164472.16	-1582671.07805	3437687.60504	-1547082.42024	1793568976.72	-1346595.28781	3360310.78077	-1346596.02243	1799271157.89
178	nan	nan	1	1	16.0	16.0	16.0	1.022	-1.66494913695e-19	-1.40713348363e-18	1.14799434133e-19	1.0	-6.12775397779e-19	2.64433098221e-19	-4.93714329131e-19	1.0	1589083793.0	-1578937.22725	3421367.19146	-1544940.98429	1715946361.08	-1351484.35697	3347629.34943	-1351486.92763	1721631999.65
179	nan	nan	1	1	16.0	16.0	16.0	1.021	-9.31471544184e-20	-1.34311632166e-18	1.16678788484e-19	1.0	-3.94923817701e-18	2.40027961428e-19	4.7780599159e-19	1.0	1514931261.7	-1575259.21053	3404924.68435	-1542851.90637	1638397960.16	-1356258.82744	3334805.65611	-1356261.80062	1644067162.74
180	nan	nan	1	1	16.0	16.0	16.0	1.02	-5.65129794496e-20	2.34670478037e-18	9.83617009999e-20	1.0	2.04436695776e-18	6.10393117615e-20	3.0440246542e-22	1.0	1440706745.93	-1571635.73666	3388354.84723	-1540810.30146	1560923833.31	-1360924.1812	3321830.1264	-1360929.07274	1566576704.33
181	nan	nan	1	1	16.0	16.0	16.0	1.019	-8.24268936797e-20	-1.25857184561e-18	6.50759531508e-20	1.0	-7.51741740688e-21	-4.70103285726e-20	9.27104030549e-20	1.0	1366410077.18	-1568074.78763	3371660.92002	-1538828.03117	1483524050.53	-1365474.51888	3308709.36367	-1365479.93881	1489160703.69
182	nan	nan	1	1	16.0	16.0	16.0	1.018	4.25634055995e-20	-2.37692003378e-18	1.51010092628e-20	1.0	-4.7593722515e-18	-9.58206021581e-20	-9.81499427631e-20	1.0	1292041123.76	-1564574.42998	3354840.16795	-1536899.41695	1406198671.7	-1369914.72544	3295436.68983	-1369922.06541	1411819215.61
183	nan	nan	1	1	16.0	16.0	16.0	1.017	4.03928836722e-20	8.35253895332e-20	-8.15798607324e-20	1.0	1.90370654895e-18	-1.27425519003e-19	1.45385264462e-19	1.0	1217599714.53	-1561141.81072	3337895.58108	-1535035.69275	1328947768.05	-1374241.66486	3282017.98263	-1374249.54894	1334552319.35
184	nan	nan	1	1	16.0	16.0	16.0	1.016	2.35581038455e-20	-3.76277181461e-18	-2.94476298069e-20	1.0	1.1869578569e-18	-8.56562067911e-20	-1.95558731697e-19	1.0	1143085718.22	-1557773.76648	3320826.63008	-1533229.8554	1251771400.18	-1378460.52675	3268449.16289	-1378470.21381	1257360067.14
185	nan	nan	1	1	16.0	16.0	16.0	1.015	-2.23669637634e-20	3.96432595139e-18	-2.78726779206e-20	1.0	1.81921501247e-18	-9.65088164278e-20	2.40213249885e-19	1.0	1068498961.17	-1554476.11696	3303635.93222	-1531491.94402	1174669640.64	-1382572.08766	3254735.24086	-1382582.19681	1180242537.91
186	nan	nan	1	1	16.0	16.0	16.0	1.014	6.01393392551e-20	-3.12588244761e-18	-2.79256174798e-20	1.0	2.1901625038e-18	-4.30398616324e-20	1.56581981234e-19	1.0	993839312.519	-1551243.48921	3286324.382	-1529812.69424	1097642550.68	-1386582.38997	3240873.94776	-1386594.07583	1103199781.38
187	nan	nan	1	1	16.0	16.0	16.0	1.013	4.89690922631e-21	-1.41334064694e-18	-1.87935435172e-20	1.0	-2.70558205221e-18	3.59459606991e-20	-4.31457407508e-21	1.0	919106595.511	-1548079.43449	3268894.27462	-1528199.97374	1020690203.85	-1390495.58895	3226869.49581	-1390507.48392	1026231877.26
188	nan	nan	1	1	16.0	16.0	16.0	1.012	8.27974705941e-20	4.97385687562e-18	4.89690922631e-22	1.0	-1.42963279629e-18	9.0976632491e-20	-3.02668694856e-19	1.0	844300678.862	-1544975.62304	3251347.78127	-1526641.59325	943812661.542	-1394316.27374	3212721.35976	-1394329.45809	949338874.317
189	nan	nan	1	1	16.0	16.0	16.0	1.011	-3.65282958503e-21	1.11599237779e-18	1.12893610001e-20	1.0	9.64029373094e-19	5.87364409362e-20	1.47171974585e-19	1.0	769421381.945	-1541933.27426	3233687.53808	-1525143.15447	867009997.371	-1398049.22497	3198433.72761	-1398062.30476	872520854.816
190	nan	nan	1	1	16.0	16.0	16.0	1.01	-4.6983858793e-20	2.36496892829e-18	2.2261084645e-20	1.0	-1.81407987522e-18	5.2966028983e-20	4.40986528164e-20	1.0	694468572.991	-1538941.63937	3215917.47908	-1523690.08142	790282271.929	-1401695.26256	3184008.30506	-1401709.22854	795777867.523
191	nan	nan	1	1	16.0	16.0	16.0	1.009	-3.91752738105e-21	1.62492683019e-18	5.02925812432e-20	1.0	-4.5787424755e-19	5.95570041038e-21	-1.84295840477e-19	1.0	619442067.61	-1536000.85012	3198040.96538	-1522286.77305	713629558.023	-1405259.17489	3169449.61739	-1405272.6088	719109997.948
192	nan	nan	1	1	16.0	16.0	16.0	1.008	-7.64976630489e-20	1.39291921198e-18	7.81652591638e-20	1.0	-8.66091188568e-19	-1.30760711232e-20	-9.22604168017e-20	1.0	544341734.356	-1533099.08542	3180063.48992	-1520917.57359	637051914.947	-1408738.05965	3154761.27707	-1408751.9377	642517294.505
193	nan	nan	1	1	16.0	16.0	16.0	1.007	-5.88687898342e-20	2.11144137927e-18	3.97840787414e-20	1.0	-5.40089382993e-19	-3.81958919652e-20	-1.12125986393e-19	1.0	469177154.732	-1528932.74399	3168572.57998	-1518278.0031	560547412.935	-1411915.11424	3146603.51309	-1411906.07399	565993028.892
194	nan	nan	1	1	16.0	16.0	16.0	1.006	-4.90087969325e-20	3.41294720739e-19	1.00717511384e-20	1.0	-5.47236223485e-19	-2.01699720565e-20	3.63297725033e-20	1.0	393928617.795	-1525599.54513	3154304.07344	-1516501.33234	484120758.388	-1414093.07418	3135466.92754	-1414094.6621	489550825.53
195	nan	nan	1	1	16.0	16.0	16.0	1.005	9.23795308099e-21	-9.09296486322e-19	-3.15387423954e-20	1.0	-8.94784429656e-19	-2.74226916674e-20	-3.28225267061e-21	1.0	318605472.019	-1522718.52565	3138190.70582	-1515133.18836	407769440.464	-1416209.2174	3122574.38974	-1416210.89015	413184048.697
196	nan	nan	1	1	16.0	16.0	16.0	1.004	-3.94664413861e-20	-9.08012702012e-19	-6.11253385452e-20	1.0	-2.27693044134e-19	-1.61995051162e-20	4.17825471013e-20	1.0	243206927.728	-1519978.54759	3120555.22436	-1513924.90615	331493419.366	-1418765.45606	3108090.99586	-1418768.10965	336893592.14
197	nan	nan	1	1	16.0	16.0	16.0	1.003	5.16822446723e-20	6.55577031395e-19	-6.43877388811e-20	1.0	-4.64438752891e-19	-3.67929936464e-21	8.1209283818e-20	1.0	167738514.127	-1516706.20866	3105050.31356	-1512156.35522	255291574.096	-1421330.09447	3095786.72956	-1421329.48616	260675369.662
198	nan	nan	1	1	16.0	16.0	16.0	1.002	4.87043944671e-20	-1.02305698161e-18	-8.87531710045e-20	1.0	-1.94817577868e-19	-5.92923063078e-21	1.5617169965e-20	1.0	92192393.6372	-1513790.56428	3088793.00396	-1510766.33747	179166087.823	-1423750.85102	3082616.16297	-1423752.26671	184534905.165
199	nan	nan	1	1	16.0	16.0	16.0	1.001	-1.3221654911e-20	-6.8182181787e-19	-3.15122726158e-20	1.0	-2.64009581747e-19	5.02925812432e-22	1.65965518103e-20	1.0	16572318.8414	-1510773.80828	3072520.32466	-1509265.94362	103115971.13	-1426139.05558	3069438.56687	-1426140.17992	108469131.121
200	nan	nan	1	1	16.0	16.0	16.0	1.0	-1.85751678355e-20	1.20782266067e-18	-1.92832344398e-20	1.0	2.35528098896e-19	4.53427324577e-20	2.07523072077e-20	1.0	-59123071.1121	-1507906.87561	3056153.98541	-1507906.59697	27141473.6493	-1428368.35734	3056154.33363	-1428368.61959	32479250.2751
201	nan	nan	1	1	16.0	16.0	16.0	0.999	-2.18739641184e-20	3.59757392012e-19	-4.31457407508e-21	1.0	-4.9445548296e-19	3.87517573369e-20	8.4134194464e-20	1.0	-134895999.529	-1505344.51068	3038200.42104	-1506858.38816	-48756929.9272	-1430656.82022	3041244.72547	-1430656.32837	-43433233.7819
202	nan	nan	1	1	16.0	16.0	16.0	0.998	-5.77372067562e-21	-7.10543183099e-19	2.53299247176e-20	1.0	-1.60671562182e-19	2.59139142301e-20	7.16536933818e-20	1.0	-210743827.457	-1502738.31063	3019712.56914	-1505747.15142	-124579893.179	-1433107.76844	3025782.32704	-1433110.26125	-119270236.731
203	nan	nan	1	1	16.0	16.0	16.0	0.997	-1.49785865321e-20	3.55687663398e-20	5.32398257658e-20	1.0	1.1789110439e-18	1.18055217024e-20	6.2799552105e-20	1.0	-286668843.788	-1500254.16343	2999979.69273	-1504783.73054	-200326927.442	-1435881.41808	3009001.60697	-1435879.25194	-195029974.942
204	nan	nan	1	1	16.0	16.0	16.0	0.996	-2.2459607992e-20	-2.59643722474e-19	7.67425085102e-20	1.0	-4.47551033505e-19	-1.79729803496e-20	2.48643874689e-19	1.0	-362669139.126	-1497882.73857	2979583.70471	-1503890.04462	-275998199.177	-1438500.05478	2991550.36231	-1438505.68384	-270714232.634
205	nan	nan	1	1	16.0	16.0	16.0	0.995	-2.8518705979e-20	4.00841798676e-19	7.19341076094e-20	1.0	-1.15328829725e-18	-3.79576639488e-20	-5.18807680193e-21	1.0	-438745882.217	-1495553.11202	2958530.3454	-1503084.27648	-351593672.736	-1441409.77141	2973386.53621	-1441407.20755	-346321887.154
206	nan	nan	1	1	16.0	16.0	16.0	0.994	-1.90814023704e-20	-5.25193514522e-20	3.79262310856e-20	1.0	8.04522481214e-19	-4.94720180756e-20	2.12155283508e-20	1.0	-514897855.325	-1493208.14622	2937493.54941	-1502211.72286	-427113306.3	-1444084.54683	2955217.86254	-1444090.94839	-421854219.168
207	nan	nan	1	1	16.0	16.0	16.0	0.993	-3.37191904901e-20	-2.74076369802e-19	9.59529510562e-23	1.0	1.83848501202e-18	-5.5560067384e-20	-2.44316065724e-20	1.0	-591126550.794	-1490868.03325	2916204.1789	-1501392.58888	-502556937.374	-1446877.39918	2936752.89902	-1446874.321	-497309923.792
208	nan	nan	1	1	16.0	16.0	16.0	0.992	3.68591680954e-20	6.52092946655e-19	-2.15695616529e-20	1.0	1.44339708168e-18	-4.2933982514e-20	2.186536144e-19	1.0	-667431137.108	-1488516.51538	2895065.14427	-1500512.69804	-577924503.946	-1449368.21435	2918402.12792	-1449373.54702	-572689920.501
209	nan	nan	1	1	16.0	16.0	16.0	0.991	4.23781171423e-20	7.23438928849e-19	-6.02584532633e-20	1.0	1.50242469019e-18	-3.45165926006e-20	2.1334642359e-19	1.0	-743812533.789	-1486166.8125	2873909.62393	-1499678.10194	-653215920.85	-1451849.57349	2900005.72575	-1451846.70202	-647993401.222
210	nan	nan	1	1	16.0	16.0	16.0	0.99	-1.50480697036e-20	2.31226759711e-19	-5.93584807568e-20	1.0	1.32708887011e-18	-2.04876094117e-20	-2.26766601848e-19	1.0	-820270422.229	-1483806.21119	2852933.32679	-1498788.13803	-728431075.283	-1454026.91462	2881741.08405	-1454031.31789	-723220826.751
211	nan	nan	1	1	16.0	16.0	16.0	0.989	1.29318108244e-19	-8.0679888226e-19	-6.57178453061e-20	1.0	8.23104266494e-19	-7.90122921111e-21	-3.19093193098e-19	1.0	-896805365.803	-1481456.79702	2832011.38601	-1497947.18939	-803569917.865	-1456124.54283	2863510.87315	-1456122.26894	-798371710.732
212	nan	nan	1	1	16.0	16.0	16.0	0.988	-7.46447784768e-20	-1.61862702264e-20	-5.61688723148e-20	1.0	-2.54279290766e-18	-9.2908926402e-21	4.97896554308e-20	1.0	-973417248.773	-1479100.06574	2811272.02204	-1497060.59031	-878632347.248	-1457925.82751	2845409.97091	-1457930.05865	-873446302.351
213	nan	nan	1	1	16.0	16.0	16.0	0.987	3.189608442e-20	1.0935327698e-19	-4.52434707842e-20	1.0	1.95706962463e-18	6.40568666361e-21	7.33477592763e-20	1.0	-1050106516.21	-1476762.22847	2790584.63743	-1496224.56176	-953618296.482	-1459622.27057	2827345.94615	-1459620.70932	-948444250.726
214	nan	nan	1	1	16.0	16.0	16.0	0.986	5.69894354825e-20	1.38068355636e-18	-2.94873344763e-20	1.0	2.3275935995e-18	3.38085259963e-20	5.32492556247e-19	1.0	-1126873117.15	-1474422.89724	2770060.78317	-1495355.13374	-1028527698.58	-1461029.60578	2809389.06361	-1461034.12816	-1023365709.37
215	nan	nan	1	1	16.0	16.0	16.0	0.985	1.41480971971e-20	2.39645473113e-18	-1.96141066849e-20	1.0	1.41470384059e-18	1.1494501792e-20	3.35504456452e-19	1.0	-1203717436.46	-1472105.8679	2749570.09625	-1494533.67725	-1103360462.45	-1462325.82572	2791452.92913	-1462325.20228	-1098210409.95
216	nan	nan	1	1	16.0	16.0	16.0	0.984	-1.19114008208e-22	-4.09981151828e-18	-1.00849860282e-20	1.0	4.00096012636e-18	-4.99617089982e-21	4.93423161555e-19	1.0	-1280639466.71	-1469789.32783	2729218.78149	-1493686.89978	-1178116547.84	-1463341.38226	2773597.66561	-1463346.67412	-1172978439.03
217	nan	nan	1	1	16.0	16.0	16.0	0.983	-2.26051917798e-20	-2.05421371577e-18	1.1699642584e-20	1.0	-1.96469292116e-18	1.02719288467e-20	1.10643678735e-20	1.0	-1357639550.53	-1467495.10887	2708878.6351	-1492882.42958	-1252795842.73	-1464245.19067	2755742.74409	-1464245.87146	-1247669589.14
218	nan	nan	1	1	16.0	16.0	16.0	0.982	2.12155283508e-20	2.11202371442e-18	1.36716411643e-20	1.0	4.82173505225e-19	6.94815170932e-20	-7.58888581181e-19	1.0	-1434717710.96	-1465199.15277	2688657.17437	-1492056.14049	-1327398326.68	-1464875.89637	2737946.32269	-1464882.49121	-1322283899.62
219	nan	nan	1	1	16.0	16.0	16.0	0.981	-2.17581588326e-20	7.07193101619e-19	1.5617169965e-20	1.0	-3.79661342783e-18	6.92548696054e-20	-1.50771864611e-19	1.0	-1511874262.54	-1462923.53803	2668427.43162	-1491264.56028	-1401923868.9	-1465394.92071	2720131.93459	-1465397.24785	-1396821207.06
220	nan	nan	1	1	16.0	16.0	16.0	0.98	4.43633506124e-20	1.51018033562e-18	1.70730078431e-20	1.0	5.47395042163e-20	8.32143696228e-20	-3.36430898738e-19	1.0	-1589109250.75	-1460641.51182	2648300.80407	-1490452.14583	-1476372465.08	-1465645.94809	2702358.92014	-1465654.24065	-1471281515.21
221	nan	nan	1	1	16.0	16.0	16.0	0.979	-1.51142441526e-20	-3.03231177672e-18	2.2525782441e-20	1.0	3.86622894818e-18	8.69664608814e-20	2.58715625827e-19	1.0	-1666422966.89	-1458377.52986	2628151.96213	-1489666.25945	-1550743968.85	-1465783.61007	2684555.08862	-1465787.79633	-1545664696.07
222	nan	nan	1	1	16.0	16.0	16.0	0.978	-8.54709183339e-20	-2.91482565996e-18	2.67609471773e-20	1.0	3.30411670856e-18	7.48697716034e-20	1.80418017765e-19	1.0	-1743815478.3	-1456101.67113	2608095.38186	-1488860.12417	-1625038388.41	-1465656.11868	2666780.2286	-1465666.30006	-1619970722.04
223	nan	nan	1	1	16.0	16.0	16.0	0.977	-3.00431998479e-20	-1.30967175513e-18	-1.07996700775e-20	1.0	-1.53185908511e-18	1.08817263943e-19	-2.35660447794e-19	1.0	-1821287052.85	-1453842.34527	2588008.31905	-1488072.40285	-1699255565.22	-1465411.48176	2648967.42716	-1465417.62288	-1694199496.77
224	nan	nan	1	1	16.0	16.0	16.0	0.976	1.42275065359e-19	4.69372719809e-18	4.23516473627e-22	1.0	-1.16255272011e-18	-2.96064484845e-20	-4.90405606681e-19	1.0	-1898837780.41	-1451565.58472	2568005.93961	-1487265.89738	-1773395517.1	-1464903.78021	2631174.48748	-1464915.88244	-1768350963.78
225	nan	nan	1	1	16.0	16.0	16.0	0.975	-6.21245727252e-20	-2.70547617309e-18	9.10560418298e-21	1.0	6.55423506674e-18	-1.04423280529e-19	-2.7515335896e-19	1.0	-1976467904.41	-1449304.11479	2547969.41697	-1486468.64352	-1847458075.49	-1464274.42273	2613341.09201	-1464282.55497	-1842425056.68
226	nan	nan	1	1	16.0	16.0	16.0	0.974	5.92923063078e-20	-1.53463841197e-18	3.75870870344e-21	1.0	3.03640135767e-18	-9.65485210972e-21	8.01743154356e-19	1.0	-2054177538.53	-1447018.46992	2528011.98755	-1485654.45033	-1921443265.77	-1463385.67308	2595520.57694	-1463399.62745	-1916421691.4
227	nan	nan	1	1	16.0	16.0	16.0	0.973	-3.48342299558e-20	-4.88626837491e-18	-1.27319639884e-20	1.0	7.09194216956e-18	8.86009697718e-20	5.64256291769e-19	1.0	-2131966900.38	-1444746.02364	2508021.21125	-1484837.53465	-1995350911.84	-1462371.71827	2577661.38174	-1462381.85351	-1990340829.73
228	nan	nan	1	1	16.0	16.0	16.0	0.972	-1.38569296215e-19	-3.76124980228e-18	-1.74700545371e-20	1.0	-8.84429451876e-18	1.59996582802e-19	-1.14301802276e-18	1.0	-2209836128.6	-1442440.48256	2488104.68857	-1484005.38852	-2069181044.82	-1461104.48	2559809.19982	-1461120.15844	-2064182361.26
229	nan	nan	1	1	16.0	16.0	16.0	0.971	1.04555629427e-20	-5.02846403093e-19	-1.6146565557e-21	1.0	5.11793188599e-18	6.17010562516e-20	-4.48451006012e-19	1.0	-2287785413.58	-1440145.0248	2468160.25452	-1483155.11941	-2142933483.81	-1459709.61926	2541924.32379	-1459721.77959	-2137946274.14
230	nan	nan	1	1	16.0	16.0	16.0	0.97	-7.58888581181e-20	-3.15826822296e-18	5.44483366407e-20	1.0	-1.11035431473e-18	-5.76114753031e-20	-3.93076227085e-20	1.0	-2365814920.29	-1437805.3665	2448286.00225	-1482291.43572	-2216608263.88	-1458069.30159	2524042.06391	-1458086.55761	-2211632432.53
231	nan	nan	1	1	16.0	16.0	16.0	0.969	1.28378431068e-19	-5.33450762269e-18	6.98537483689e-20	1.0	3.17277366218e-18	-3.58797862501e-20	2.20660023694e-18	1.0	-2443924810.62	-1435472.62389	2428394.68622	-1481391.71342	-2290205201.97	-1456299.00956	2506137.8011	-1456313.23662	-2285240849.19
232	nan	nan	1	1	16.0	16.0	16.0	0.968	-1.87935435172e-20	2.90347012451e-18	2.22346148654e-21	1.0	4.24098808778e-19	-7.65903072775e-20	-3.40957231049e-19	1.0	-2522115276.93	-1433082.32832	2408570.83003	-1480480.2974	-2363724334.73	-1454291.33161	2488234.19123	-1454310.01599	-2358771364.43
233	nan	nan	1	1	16.0	16.0	16.0	0.967	-2.04346698525e-20	3.64131523091e-18	1.03496838243e-20	1.0	-3.97523150058e-19	-4.6917684344e-20	-1.25149117957e-19	1.0	-2600386453.04	-1430695.88716	2388746.27392	-1479512.92014	-2437165479.61	-1452150.82185	2470323.85379	-1452167.15166	-2432224012.37
234	nan	nan	1	1	16.0	16.0	16.0	0.966	-1.29384282693e-19	2.00781219213e-18	4.87838038059e-20	1.0	1.36684647907e-18	-2.14921375476e-19	3.03343674235e-19	1.0	-2678738557.38	-1428236.67537	2368988.62381	-1478535.33863	-2510528672.67	-1449780.68302	2452415.74497	-1449800.64333	-2505598613.06
235	nan	nan	1	1	16.0	16.0	16.0	0.965	-3.58930211399e-20	-1.15979986303e-18	4.34898478856e-20	1.0	-4.73597296634e-18	-2.48710049138e-19	-1.03814475598e-19	1.0	-2757171698.61	-1425777.97827	2349251.69177	-1477480.12476	-2583813733.86	-1447274.71016	2434520.18749	-1447293.17761	-2578895217.12
236	nan	nan	1	1	16.0	16.0	16.0	0.964	-1.65859638984e-19	-8.35335951648e-18	4.23516473627e-20	1.0	6.27916111711e-19	-2.83464869755e-19	8.79696655283e-19	1.0	-2835686117.47	-1423230.25441	2329585.58191	-1476416.07974	-2657020696.05	-1444546.7773	2416634.44163	-1444567.88325	-2652113630.44
237	nan	nan	1	1	16.0	16.0	16.0	0.963	8.22680750021e-20	8.66805872617e-19	1.73112358595e-20	1.0	-4.28556319663e-18	-1.31065113698e-19	1.95849899273e-19	1.0	-2914281902.82	-1420679.99148	2309968.46536	-1475252.30478	-2730149381.61	-1441680.77587	2398786.52051	-1441701.44112	-2725253915.29
238	nan	nan	1	1	16.0	16.0	16.0	0.962	4.77514824015e-20	-5.3230726779e-19	2.71050543121e-20	1.0	3.77152007677e-18	6.12643048881e-20	-7.57035696609e-21	1.0	-2992959311.46	-1418025.65797	2290434.18041	-1474082.51797	-2803199817.55	-1438600.3294	2380965.73455	-1438622.43897	-2798315871.68
239	nan	nan	1	1	16.0	16.0	16.0	0.961	-6.03510974919e-20	-5.85000658043e-18	-5.15631306641e-20	1.0	1.05070201942e-17	3.07605308751e-19	-3.84844125629e-19	1.0	-3071718419.36	-1415367.30466	2270983.23753	-1472792.48105	-2876171828.37	-1435380.7352	2363213.5468	-1435403.56516	-2871299567.51
240	nan	nan	1	1	16.0	16.0	16.0	0.96	3.72694496792e-20	-1.40149542057e-18	-7.90917014499e-20	1.0	5.9279071418e-18	4.4196591001e-19	-1.05283548366e-18	1.0	-3150559493.51	-1412593.48198	2251629.82445	-1471502.52524	-2949065434.54	-1431954.7896	2345509.82027	-1431977.64804	-2944204802.53
241	nan	nan	1	1	16.0	16.0	16.0	0.959	2.46116010737e-19	8.09093812151e-18	-1.27743156358e-19	1.0	2.20011514093e-18	1.91879432333e-19	1.12663322919e-18	1.0	-3229482603.81	-1409816.95788	2232388.1845	-1470075.33537	-3021880464.14	-1428391.50279	2327898.53214	-1428416.41709	-3017031642.84
242	nan	nan	1	1	16.0	16.0	16.0	0.958	1.11067195209e-19	3.55769719715e-18	-5.81276360053e-20	1.0	3.33926857587e-18	-9.97381295392e-20	-1.4712697596e-18	1.0	-3308488020.4	-1406917.88595	2213251.45066	-1468657.77093	-3094616932.43	-1424632.04811	2310350.41283	-1424655.48542	-3089779892.65
243	nan	nan	1	1	16.0	16.0	16.0	0.957	-5.12560812207e-19	8.34073343161e-18	-8.57620859095e-21	1.0	-8.02976646085e-18	-3.09167025748e-19	3.39474923392e-19	1.0	-3387575812.07	-1404018.67844	2194245.34631	-1467088.5872	-3167274671.46	-1420740.50415	2292907.82128	-1420767.61918	-3162449612.07
244	nan	nan	1	1	16.0	16.0	16.0	0.956	6.04040370511e-20	4.0926514429e-18	-4.51574440005e-20	1.0	-1.51491313221e-17	-1.78141616719e-19	7.16616343157e-19	1.0	-3466746245.26	-1400992.96543	2175347.13471	-1465540.29305	-3239853692.35	-1416664.55561	2275539.55512	-1416688.59109	-3235040614.32
245	nan	nan	1	1	16.0	16.0	16.0	0.955	4.0673463336e-19	-2.75992450973e-18	5.27278009666e-20	1.0	-2.66508328942e-18	-2.78991477002e-20	-1.7143152759e-18	1.0	-3545999393.63	-1397969.6471	2156592.84648	-1463827.70031	-3312353829.7	-1412463.36619	2258283.3537	-1412492.90405	-3307552949.99
246	nan	nan	1	1	16.0	16.0	16.0	0.954	-1.81688567186e-19	-5.5118816158e-18	4.90749713815e-20	1.0	1.20130447744e-18	-2.42357302033e-19	-9.72976158599e-19	1.0	-3625335513.62	-1394818.71664	2137947.87058	-1462148.37585	-3384775092.15	-1408088.95627	2241111.95861	-1408113.64444	-3379986444.77
247	nan	nan	1	1	16.0	16.0	16.0	0.953	2.36163373606e-19	4.72906435386e-18	5.08749163945e-20	1.0	-1.46287354551e-17	-3.33095706508e-19	-1.16287035746e-18	1.0	-3704754689.97	-1391672.17616	2119457.59108	-1460293.30291	-3457117315.12	-1403595.96241	2224055.80913	-1403628.05274	-3452341136.24
248	nan	nan	1	1	16.0	16.0	16.0	0.952	-2.91696971211e-19	1.13977547476e-17	3.4093076127e-20	1.0	-3.26944129728e-18	-1.01511604773e-19	-4.52792049867e-19	1.0	-3784257163.21	-1388398.87724	2101077.32068	-1458484.08337	-3529380506.49	-1398940.10621	2207095.01448	-1398965.47751	-3524616865.41
249	nan	nan	1	1	16.0	16.0	16.0	0.951	-2.55539252275e-19	2.40409126254e-18	-1.20702194984e-19	1.0	-1.57362839732e-17	1.38860463791e-19	1.03862121201e-18	1.0	-3863843033.69	-1385130.96481	2082861.31081	-1456488.03083	-3601564502.48	-1394172.9243	2190250.79941	-1394207.58393	-3596813653.28
250	nan	nan	1	1	16.0	16.0	16.0	0.95	2.33728153883e-19	-2.92954285742e-18	-1.08155519453e-19	1.0	6.60908045007e-18	-2.19169775102e-20	-3.10225816932e-20	1.0	-3943512521.49	-1381738.8139	2064753.86156	-1454550.90781	-3673669311.7	-1389253.40108	2173510.76016	-1389279.63383	-3668931357.77
251	nan	nan	1	1	16.0	16.0	16.0	0.949	3.23725404529e-19	1.79761567231e-18	-5.74394217357e-20	1.0	-6.28546092466e-18	-5.18278284601e-20	3.05196558808e-19	1.0	-4023265744.12	-1378355.34844	2046819.28488	-1452419.26783	-3745694771.21	-1384231.18084	2156887.28172	-1384268.49706	-3740969982.78
252	nan	nan	1	1	16.0	16.0	16.0	0.948	-5.82758667711e-19	8.40918428166e-19	4.02340649946e-21	1.0	1.10645266922e-17	-2.92755762395e-20	-2.57603895084e-19	1.0	-4103102897.91	-1374853.71349	2028990.90739	-1450363.0457	-3817640890.0	-1379066.41834	2140376.00297	-1379093.88913	-3812929405.25
253	nan	nan	1	1	16.0	16.0	16.0	0.947	-5.11396141905e-20	5.74801851963e-18	2.64697796017e-20	1.0	6.67615487158e-18	-2.80050268186e-19	1.09584887551e-18	1.0	-4183024119.25	-1371365.08941	2011345.40116	-1448106.25915	-3889507503.33	-1373808.06832	2123982.95118	-1373847.91877	-3884809614.08
254	nan	nan	1	1	16.0	16.0	16.0	0.946	3.4288952496e-19	-3.63313606901e-18	8.79326078368e-20	1.0	1.02062705584e-17	-5.67088558187e-19	-5.91864271894e-19	1.0	-4263029579.21	-1367760.7661	1993806.06674	-1445937.66011	-3961294620.84	-1368414.42789	2107712.31534	-1368443.20722	-3956610504.51
255	nan	nan	1	1	16.0	16.0	16.0	0.945	3.56547931235e-19	6.07984367671e-19	4.18222517707e-20	1.0	7.83039608089e-18	8.1606330512e-20	-1.73567638804e-18	1.0	-4343119436.92	-1364168.50826	1976456.351	-1443556.72584	-4033002072.89	-1362936.69002	2091558.77051	-1362978.44146	-4028332050.89
256	nan	nan	1	1	16.0	16.0	16.0	0.944	9.48676900925e-20	-4.08328114092e-18	4.90749713815e-20	1.0	3.90323370007e-19	-2.09005379735e-19	9.84993438538e-19	1.0	-4423293832.9	-1360459.19657	1959209.61083	-1441272.91269	-4104629875.19	-1357326.40447	2075533.6318	-1357356.53654	-4099974164.42
257	nan	nan	1	1	16.0	16.0	16.0	0.943	6.64391468003e-20	-8.51678393574e-18	2.1334642359e-20	1.0	3.33910975719e-18	-1.62524446754e-19	1.50353642094e-18	1.0	-4503552954.42	-1356760.48903	1942148.49573	-1438764.06507	-4176177847.26	-1351641.24463	2059613.74859	-1351684.40358	-4171536806.91
258	nan	nan	1	1	16.0	16.0	16.0	0.942	1.31184227706e-19	8.78002589388e-19	-1.68665435622e-19	1.0	-3.78803721924e-18	7.79799707066e-20	9.09289868877e-19	1.0	-4583896902.65	-1352944.91671	1925183.33398	-1436363.11578	-4247646015.04	-1345821.97838	2043823.56254	-1345853.60243	-4243019908.13
259	nan	nan	1	1	16.0	16.0	16.0	0.941	1.48019007533e-19	9.79493018337e-18	-2.93920432697e-19	1.0	-2.79330290181e-18	2.11943525271e-19	-4.88420373211e-19	1.0	-4664325898.01	-1349139.26054	1908393.34787	-1433725.35256	-4319034182.05	-1339938.86311	2028120.04152	-1339982.71224	-4314423418.35
260	nan	nan	1	1	16.0	16.0	16.0	0.94	2.28910653995e-19	5.70656684477e-18	-9.93146130656e-20	1.0	9.44897016398e-18	-5.62747514332e-20	-9.24959978402e-19	1.0	-4744839999.8	-1345217.6155	1891687.49351	-1431206.48553	-4390342389.19	-1333920.57983	2012543.15208	-1333952.73627	-4385747282.4
261	nan	nan	1	1	16.0	16.0	16.0	0.939	-1.09690766669e-19	2.85524218608e-18	8.55503276727e-20	1.0	1.49051328937e-18	-3.80423672436e-19	8.85414127677e-19	1.0	-4825439459.03	-1341303.85113	1875143.08089	-1428438.38783	-4461570428.07	-1327852.35353	1997029.01459	-1327895.61324	-4456991436.82
262	nan	nan	1	1	16.0	16.0	16.0	0.938	4.16846089168e-19	-1.11038607847e-17	2.35369280218e-19	1.0	-1.21876394407e-17	-5.1571071598e-19	1.91958841672e-18	1.0	-4906124296.3	-1337276.19626	1858665.63113	-1425800.22395	-4532718356.26	-1321652.18891	1981635.68819	-1321682.9432	-4528155836.89
263	nan	nan	1	1	16.0	16.0	16.0	0.937	-1.10114283143e-19	6.71014206859e-18	1.09055491959e-19	1.0	-1.5032399594e-17	1.99635077756e-19	1.12475387484e-18	1.0	-4986894782.2	-1333258.25996	1842338.77647	-1422905.97922	-4603785957.36	-1315416.89388	1966279.98513	-1315458.28753	-4599240410.58
264	nan	nan	1	1	16.0	16.0	16.0	0.936	2.09640654445e-20	-4.76477208654e-18	-1.61042139097e-19	1.0	-1.25609692122e-18	-4.42045319348e-20	1.23783277329e-18	1.0	-5067750903.9	-1329136.64401	1826063.74334	-1420159.62052	-4674773301.17	-1309057.78437	1951046.82793	-1309085.12068	-4670245123.55
265	nan	nan	1	1	16.0	16.0	16.0	0.935	3.23884223206e-19	-3.82543901782e-18	-2.85661861462e-19	1.0	4.30054509189e-18	-3.47336447933e-19	-8.2538066754e-19	1.0	-5148692938.81	-1325039.17489	1809942.32095	-1417166.07537	-4745680161.05	-1302676.0913	1935834.31276	-1302715.25308	-4741169907.78
266	nan	nan	1	1	16.0	16.0	16.0	0.934	-1.01855711907e-19	3.31634574674e-18	-3.336251021e-19	1.0	1.76475079396e-17	-2.75656284772e-19	-1.10537799617e-19	1.0	-5229720849.64	-1320861.0412	1793867.59755	-1414349.42655	-4816506611.9	-1296183.34992	1920764.59815	-1296205.82666	-4812014738.8
267	nan	nan	1	1	16.0	16.0	16.0	0.933	-9.28559868428e-20	5.23506066073e-18	-2.60039114807e-19	1.0	-2.46847106049e-17	-7.75299844534e-20	1.76087561822e-18	1.0	-5310834911.2	-1316731.94117	1777969.43578	-1411310.55862	-4887252413.71	-1289677.43006	1905710.31987	-1289714.99349	-4882779562.61
268	nan	nan	1	1	16.0	16.0	16.0	0.932	-4.50198011466e-19	8.68367589613e-18	-1.1498472259e-19	1.0	-2.57074499492e-19	-1.1829344504e-19	-1.30162494213e-18	1.0	-5392035085.19	-1312548.37012	1762121.37413	-1408476.18325	-4957917640.24	-1283080.90976	1890837.49388	-1283096.90145	-4953464348.24
269	nan	nan	1	1	16.0	16.0	16.0	0.931	-9.40206571452e-20	-2.48974746934e-19	-1.32348898008e-20	1.0	3.42436891729e-18	-3.67135843076e-20	-1.32253606802e-18	1.0	-5473321629.56	-1308437.866	1746488.13457	-1405449.37472	-5028502042.46	-1276476.62587	1875980.99983	-1276512.96883	-5024069060.57
270	nan	nan	1	1	16.0	16.0	16.0	0.93	6.35274710441e-21	1.78559839237e-18	1.37325216574e-19	1.0	-3.89412809588e-18	2.17899225681e-19	2.13584651606e-18	1.0	-5554694518.56	-1304302.50728	1730902.80219	-1402654.60076	-5099005704.33	-1269807.1837	1861349.31163	-1269815.3658	-5094593636.16
271	nan	nan	1	1	16.0	16.0	16.0	0.929	-2.95826256829e-19	1.01760950096e-17	1.29278403575e-19	1.0	2.20787078636e-18	3.16578564036e-19	8.56191490996e-19	1.0	-5636153980.29	-1300247.70305	1715554.90227	-1399680.50382	-5169428359.23	-1263125.79056	1846711.59492	-1263160.25897	-5165038076.09
272	nan	nan	1	1	16.0	16.0	16.0	0.928	-5.4961850365e-19	-7.76517454395e-18	1.67712523556e-19	1.0	-7.11542086407e-18	3.95696735266e-19	1.11173074327e-20	1.0	-5717699965.16	-1296159.03049	1700233.40455	-1396927.32917	-5239770120.28	-1256397.83511	1832327.85391	-1256396.29858	-5235402299.03
273	nan	nan	1	1	16.0	16.0	16.0	0.927	3.98634880802e-19	-6.6817135253e-18	-6.26804380968e-20	1.0	6.37784045547e-18	2.33516395646e-19	-3.1191458887e-18	1.0	-5799332669.71	-1292102.44109	1685165.36913	-1393942.40257	-5310030693.13	-1249648.16616	1817903.27257	-1249677.06361	-5305686349.62
274	nan	nan	1	1	16.0	16.0	16.0	0.926	1.97041039355e-19	3.05567135722e-18	-3.78729606541e-19	1.0	-1.8570667973e-18	2.50748222167e-19	3.16578564036e-20	1.0	-5881051970.48	-1287987.57564	1670108.37897	-1391160.38561	-5380210225.42	-1242861.94755	1803770.92429	-1242846.02056	-5375890163.68
275	nan	nan	1	1	16.0	16.0	16.0	0.925	5.91864271894e-19	2.45057219553e-19	-3.9874075992e-19	1.0	-6.90861247604e-20	-1.01273376756e-19	1.36446419891e-18	1.0	-5962858024.38	-1283938.41423	1655318.39357	-1388167.38717	-5450308380.8	-1236041.24035	1789557.68459	-1236057.05891	-5446013848.0
276	nan	nan	1	1	16.0	16.0	16.0	0.924	-5.88687898342e-20	-9.00184264695e-19	-2.9836735567e-19	1.0	1.78644013136e-17	-3.80423672436e-19	-4.492450994e-19	1.0	-6044750628.85	-1279924.18804	1640512.13628	-1385498.2531	-5520325333.99	-1229184.62666	1775663.99036	-1229145.81077	-5516057361.96
277	nan	nan	1	1	16.0	16.0	16.0	0.923	-9.15854374219e-20	-1.3773999802e-17	-2.87355927356e-19	1.0	-1.16008573665e-17	-5.4893028938e-19	-2.51145268861e-19	1.0	-6126729969.08	-1276087.23878	1626014.41677	-1382705.9187	-5590260713.83	-1222324.80528	1761679.41962	-1222314.37228	-5586020799.74
278	nan	nan	1	1	16.0	16.0	16.0	0.922	3.16790322273e-19	9.05155289304e-18	-2.65333070727e-19	1.0	-1.6109216698e-17	-4.66026939667e-19	3.49401090742e-21	1.0	-6208795759.39	-1272353.52576	1611542.66953	-1380349.62682	-5660114770.12	-1215533.10537	1748122.52514	-1215461.27189	-5655904083.79
279	nan	nan	1	1	16.0	16.0	16.0	0.921	-8.93408001116e-19	9.96640141563e-19	-1.85817852804e-19	1.0	1.62391039065e-17	-4.68673917628e-19	1.3488999685e-18	1.0	-6290948124.36	-1268880.188	1597435.15477	-1377915.20764	-5729887097.87	-1208819.8714	1734472.43386	-1208774.20502	-5725707363.49
280	nan	nan	1	1	16.0	16.0	16.0	0.92	5.37548284151e-19	-2.19045367138e-17	-2.19063895984e-19	1.0	-4.54194948186e-18	-1.81953264982e-19	5.08960922181e-19	1.0	-6373186705.32	-1265496.29859	1583310.61802	-1375966.84871	-5799578038.25	-1202216.07855	1721273.85815	-1202105.11626	-5795430480.66
281	nan	nan	1	1	16.0	16.0	16.0	0.919	2.61733180702e-19	3.1156518778e-18	-1.30548952996e-19	1.0	-2.01841069188e-17	7.67623608449e-20	-8.83137726631e-19	1.0	-6455511515.68	-1262401.22113	1569523.12146	-1373916.68907	-5869187111.54	-1195650.15617	1707880.6535	-1195556.78319	-5865073714.05
282	nan	nan	1	1	16.0	16.0	16.0	0.918	-6.71273610699e-20	1.40173364859e-17	-6.56450534122e-20	1.0	-1.20432732627e-17	3.78729606541e-19	-1.648008478e-19	1.0	-6537922073.62	-1259353.80988	1555701.62132	-1372384.51156	-5938714661.23	-1189123.88936	1695001.29034	-1188955.12378	-5934636930.84
283	nan	nan	1	1	16.0	16.0	16.0	0.917	-5.5226548161e-19	-1.10114283143e-19	-1.63053842346e-20	1.0	8.71358674708e-18	4.82173505225e-19	5.02872872873e-19	1.0	-6620418084.75	-1256654.52414	1542175.21582	-1370723.46125	-6008160162.65	-1182575.18557	1681807.11635	-1182399.78758	-6004120667.72
284	nan	nan	1	1	16.0	16.0	16.0	0.916	-5.58406470477e-19	-5.35293058929e-18	1.21337469694e-19	1.0	-3.23196008937e-18	-3.86511721744e-19	-5.34011921596e-18	1.0	-6702999026.59	-1253977.87896	1528389.82416	-1369644.15034	-6077523974.54	-1176120.58617	1668971.09357	-1175865.73305	-6073524678.27
285	nan	nan	1	1	16.0	16.0	16.0	0.915	7.12672345996e-19	-3.7613556814e-18	1.79994501292e-19	1.0	4.70807381864e-18	-4.06814042698e-19	-1.5720931501e-18	1.0	-6785664474.72	-1251856.32112	1514639.0922	-1368564.23263	-6146805407.21	-1169712.67855	1655440.3982	-1169424.45381	-6142849645.5
286	nan	nan	1	1	16.0	16.0	16.0	0.914	1.00691041605e-19	-5.62699868729e-18	2.3261642314e-19	1.0	-6.81332126948e-18	-2.76026861686e-19	-4.63845829828e-18	1.0	-6868413493.2	-1249750.36812	1500351.91287	-1368158.21728	-6216005067.98	-1163456.84696	1642057.82849	-1163100.27006	-6212095202.47
287	nan	nan	1	1	16.0	16.0	16.0	0.913	3.54165651071e-19	2.64501919648e-18	2.47545378835e-19	1.0	3.01149329506e-18	-2.33066409393e-19	-2.15813407049e-18	1.0	-6951245437.97	-1248216.2203	1485988.48892	-1367677.33946	-6285122043.28	-1157122.77058	1627753.11513	-1156727.4923	-6281262176.78
288	nan	nan	1	1	16.0	16.0	16.0	0.912	-1.34466480377e-19	-5.19990879341e-18	3.70788672661e-19	1.0	-1.04957175983e-17	-5.26748614074e-21	-4.44284662703e-18	1.0	-7034159213.64	-1246281.31439	1471283.42781	-1367463.60673	-6354156667.58	-1150712.31138	1613902.01795	-1150307.89142	-6350350112.53
289	nan	nan	1	1	16.0	16.0	16.0	0.911	3.88999881027e-19	2.54271349832e-18	1.89947138422e-19	1.0	-3.22899547405e-18	4.45142283562e-19	-5.84558612724e-19	1.0	-7117153219.79	-1244676.40912	1456874.57738	-1366806.44243	-6423108075.86	-1143911.77154	1599461.36262	-1143530.36908	-6419359940.45
290	nan	nan	1	1	16.0	16.0	16.0	0.91	-2.28487137522e-19	2.16776907026e-18	-5.24101636114e-20	1.0	-9.58491895201e-18	5.62654870103e-19	1.46504936139e-18	1.0	-7200226211.66	-1242655.05022	1442072.51559	-1366432.79941	-6491976112.0	-1136980.09519	1585470.4006	-1136718.7244	-6488290903.24
