379
1 88.245987 76.681328 50.440323 27.188173 4.2464256 2.8686862 0.74216592 3.7987208 0.067725047 4.3379841
1 48.77927 46.674183 79.953453 27.742004 4.583497 4.1328411 0.7605505 2.5977345 2.0026414 6.2148328
1 73.084953 117.83382 81.270699 62.511196 7.411294 5.825973 0.58892882 1.2742119 1.1857792 4.2187724
1 53.74099 26.281195 74.273636 85.991814 5.8977227 3.0350716 0.088175498 5.6410313 1.992102 3.0360322
1 72.634079 84.149696 54.684998 29.389624 5.5561447 4.5741115 0.74020231 2.1040821 0.05596026 2.8996031
1 87.245201 52.203087 71.196068 40.968811 5.9081759 4.4514999 0.76148677 2.8649278 1.184018 5.1112866
1 18.127613 73.258812 35.83744 47.917755 25.459555 2.264133 0.0025005895 3.524195 1.0470788 4.1950378
1 40.786777 106.26701 84.230469 40.064415 8.652379 4.7296205 0.66104615 0.66582179 2.0906928 3.518575
1 19.611347 41.424969 52.452084 76.457832 7.8723483 6.6570792 0.49244678 0.7375229 1.1562771 4.2536578
1 8.2310801 121.78288 34.862968 24.780045 4.9700365 2.8254833 0.70969248 1.7127004 0.97162724 4.5784311
1 110.44728 23.215816 74.5868 33.952114 26.676296 11.686226 1.2910627e-05 0.62740284 1.0430608 0.39068878
1 13.575167 123.07041 88.803993 32.100082 6.0687289 5.4214306 0.77496523 5.0515447 1.0178219 4.4141126
1 61.278717 9.2660322 68.351654 53.78458 25.390202 2.5450053 0.00028154475 1.8073989 1.9947071 6.2794294
1 10.207411 6.0814662 81.949287 75.814125 6.6739988 5.3164635 0.13442692 0.96997547 0.073881581 5.4454641
1 63.797836 8.6915598 46.528503 34.525948 5.8424716 5.7132573 0.72443569 4.5142231 3.0631342 2.1794508
1 89.025414 106.20639 52.169235 85.391747 5.6527767 4.3317108 0.073345982 0.047678549 0.98152739 2.1978819
1 47.838329 79.696373 104.53313 20.09844 4.6200681 3.4533315 0.74974316 4.0866466 1.2189964 1.0918446
1 29.584513 115.8826 29.49334 57.338848 4.4709163 3.5400531 0.10072467 5.755465 1.1206433 1.0258883
1 23.840643 15.050316 43.386452 34.09565 5.6702442 4.339179 0.76310396 3.9635303 1.0894915 2.0860569
1 21.727087 121.42339 78.16922 32.935146 6.1916585 4.5215449 0.75896937 2.9859269 1.2521234 6.0413985
1 34.37709 54.304375 67.926643 86.312538 5.1908383 2.9497278 0.055785026 2.7371836 2.0741973 5.2893615
1 55.184788 123.42894 81.420441 81.194382 4.4255443 3.6822782 0.07404121 4.3945498 1.2093725 3.1161413
1 115.64135 102.10006 58.479927 60.539684 32.485378 4.6087208 0.004988452 5.5764494 2.0109575 1.0564253
1 16.413399 15.581487 79.667747 82.193153 4.5712113 3.3850491 0.050578117 1.7706364 2.0197575 4.1491709
1 65.960175 59.812683 67.558998 14.968648 3.0060124 2.0253825 0.55227 2.5472775 1.9915766 4.1989856
1 54.262913 114.03482 82.039108 77.728767 7.3179355 4.2854018 0.20719942 5.6839838 1.1218729 0.96459126
1 44.889851 60.791149 91.903152 31.443295 6.9464574 3.8570266 0.64445168 2.9923162 1.2016319 4.3034854
1 56.304859 32.198082 46.967262 40.211128 9.7718515 5.0172758 0.76144105 4.1516581 2.3327711 1.4686413
1 83.81781 12.650434 63.228336 60.695198 49.435982 2.6834004 0.0004618479 3.9242909 2.0226901 3.0943642
1 115.68317 6.5911431 59.969753 67.306709 25.581959 4.2454453 0.025903726 0.28256276 0.77287102 0.44493732
1 50.294029 91.570557 59.856987 31.653038 8.1628323 7.123898 0.79803979 2.7041886 2.0213065 1.0155429
1 34.195148 11.951419 47.125587 78.456169 7.418262 5.201663 0.19333535 5.5706224 1.1460996 4.2284384
1 110.20254 14.581446 94.549622 32.065117 6.6563706 4.3556023 0.78281689 1.9556017 1.0612983 3.1382334
1 60.01075 122.25964 30.437555 53.99297 5.1570945 4.1118131 0.17777587 0.86775804 1.934569 5.2438493
1 69 43.469967 71.626251 87.309273 5.9991655 3.9683931 0.091245599 6.2432556 1.1702008 1.0649308
1 85.685143 30.402021 77.400513 84.779121 8.0893345 5.96596 0.12340224 1.3513634 1.1818624 5.2966084
1 29.462692 39.393196 45.10717 77.114235 3.829845 3.3932703 0.1171862 0.52533895 0.077788912 2.1658583
1 68.434128 11.739289 55.984406 86.539276 4.8272395 3.2558243 0.079217248 0.55981594 0.95457017 5.7194233
1 54.811234 100.06274 44.647762 37.097218 7.3790617 5.0050979 0.79013366 4.8018289 2.2236414 2.4317923
1 31.071529 77.915047 52.329388 48.961979 41.229912 2.0592222 0.00011361532 3.9974592 1.186069 5.3984232
1 87.171638 22.223259 77.480103 63.257061 18.114281 1.3978052 0.00079091574 4.1026602 1.1434884 5.2055206
1 111.04918 33.418648 34.61578 37.57637 7.1513133 4.8083267 0.59591192 3.7184157 1.9512672 4.1383872
1 8.8249636 117.51637 107.31586 27.97583 6.8407702 4.2546482 0.33953455 3.4737246 1.151412 3.1783814
1 91.962105 100.1554 69.367569 29.697187 5.7906189 5.1942434 0.76784301 0.66419208 2.0528347 6.2772765
1 88.681816 43.022182 47.786182 82.402122 4.3864455 3.3183968 0.049130645 4.3639684 2.1874318 2.3989844
1 90.96122 88.8573 61.671474 55.617615 47.121677 2.768496 0.00029863301 5.671308 3.0615752 0.62129188
1 73.747955 94.635582 44.377251 64.322121 22.105061 4.3591046 0.0023174237 4.7695756 0.94500983 0.35785717
1 100.74736 119.94296 84.404121 78.24028 3.0593443 2.1670992 0.025485979 0.22938411 1.1456004 3.099535
1 26.334892 86.42878 45.323742 81.298897 5.1424518 2.8680243 0.051953971 0.36157525 1.1826469 6.2261238
1 73.96283 93.189407 88.621651 61.018383 7.42802 6.6481662 0.28317845 2.6335578 1.998893 6.2400956
1 97.440002 91.726074 64.185074 88.298508 7.5775237 3.0908654 0.053161569 3.9818072 0.99728018 6.1577082
1 98.334312 60.378334 62.132183 74.112755 10.396797 7.5925183 0.73703849 2.8471184 1.103098 2.0326347
1 9.9770441 53.52224 62.126015 42.652309 6.2519159 3.9704561 0.74558395 1.7784499 1.9877267 3.0513098
1 112.32632 41.678947 78.212723 27.836258 5.4602456 3.8169656 0.72697908 3.6515694 1.0783328 3.7936237
1 118.28569 45.942863 27.080656 34.475552 17.755339 3.0477319 0.0086058397 0.25705263 0.97949916 1.4878185
1 33.849083 73.570244 67.372711 88.105927 5.6349697 3.6888576 0.086127438 1.9670892 0.88818699 4.8286271
1 21.773254 82.872894 51.819901 33.61554 6.5814829 4.0975165 0.790636 0.8985101 2.1619134 4.4949608
1 90.949638 86.086571 85.463089 31.365454 8.8509521 5.1723881 0.75696099 1.0383608 2.1246932 3.137188
1 82.79406 80.626869 49.124115 43.039806 6.4264617 4.6845984 0.72112471 2.4079702 1.1328754 1.0542223
1 62.288219 61.410786 91.992851 69.396675 3.9446936 3.2887752 0.086049929 4.1919394 2.0062249 2.0432069
1 37.247364 95.711266 47.932346 81.308899 8.3635769 5.8371091 0.12113014 3.1066492 3.0939488 3.490591
1 97.060432 109.83144 49.838753 27.438145 6.3491073 5.532413 0.63793784 2.3053503 2.0288014 5.2537813
1 28.641932 91.022659 74.974228 41.882679 5.5636559 4.2691646 0.68291605 3.9449646 1.6319493 1.0588652
1 8.027319 57.465714 75.475983 74.122986 12.295906 2.9874525 0.025005881 4.9100885 2.1621125 1.675653
1 103.02844 17.89246 89.093407 73.998268 5.0041294 3.2347288 0.072801508 4.5966191 2.181282 4.8144717
1 44.461658 99.918922 72.68924 26.98922 6.0515885 4.3113179 0.83194184 4.0868969 0.97347111 0.95048362
1 64.703537 53.158886 97.774025 34.053215 6.4842739 5.114388 0.70577723 1.7724428 0.010175473 4.1681142
1 76.782104 52.34304 89.812515 33.620632 7.3711376 4.3309717 0.77733034 2.8254898 0.91262478 5.752223
1 107.34779 72.775261 50.430477 82.957169 7.8060851 3.3794258 0.11992507 4.6664944 2.0337944 3.1250699
1 17.241362 23.084579 93.196236 67.5093 5.5928311 3.8980911 0.098480754 3.235152 1.1554074 0.023622585
1 89.456505 107.87312 84.971405 34.691723 9.2209225 4.2978425 0.7269026 3.8443942 0.63715255 0.93950498
1 113.16985 75.863777 42.415936 31.547611 21.308804 17.692518 3.9994387e-07 2.9179063 1.9675713 4.1700134
1 58.559807 37.24416 59.706562 66.012566 22.310242 4.2265606 0.0018499742 5.015027 2.0863464 0.84202045
1 110.34926 56.209972 61.872955 84.510429 8.8000326 7.9105058 0.5540964 5.0699854 3.072803 3.4262841
1 27.223785 50.227306 91.871216 71.2034 4.1886463 3.8819222 0.06911613 2.2380049 1.1517131 1.0277077
1 106.26225 115.25553 40.474632 61.141518 5.9212589 3.4915462 0.25257537 0.99543548 0.064552918 3.7085385
1 82.027718 23.527216 84.294479 38.470493 7.2657766 4.4945884 0.77197474 2.886615 1.1686782 0.10887439
1 68.580864 17.804792 89.769669 74.170631 13.93141 2.1327047 0.0022748923 4.4263878 1.9704843 2.1239581
1 9.6319857 103.35969 55.343044 15.042209 4.3906379 3.2373345 0.73013175 0.89315772 2.0471573 1.0595095
1 112.20368 70.697319 71.764824 32.022011 7.9331231 5.8034344 0.84438413 3.7179513 1.1306996 4.1835585
1 111.37093 120.83675 65.247971 87.972725 6.5471611 4.1284304 0.12195215 1.2890016 1.2620559 5.2037687
1 95.863091 13.851199 81.163513 39.354313 6.104672 5.2440057 0.73567969 3.8755777 3.0461061 3.919667
1 43.466347 82.657051 91.790062 17.506201 3.4560728 2.8314764 0.49721399 1.5863506 1.8632395 0.011104622
1 4.8380218 20.725952 41.530853 77.170799 4.129375 2.8527241 0.064957403 0.83236605 1.1101296 0.046773531
1 110.48399 43.225872 48.510048 74.08847 7.7896543 4.6288996 0.26163575 1.4128104 1.9901208 6.2159009
1 63.867424 112.03844 80.777008 27.120501 5.6581564 4.8291912 0.7791779 4.8018289 2.2236414 2.4317923
1 20.359015 5.5276632 44.434967 76.734413 6.6128316 5.8130636 0.13207014 5.8997917 2.0960476 5.2259827
1 30.321508 65.497627 88.490921 64.0466 7.5630636 4.6744895 0.24517165 1.0908962 3.0588224 1.7593768
1 45.100735 104.56077 42.352345 72.553421 6.8362527 5.1173329 0.18899445 5.8644257 1.1828791 5.2457566
1 41.256004 21.403934 60.356159 87.980728 7.0321603 6.0665832 0.23235811 2.339031 1.0148206 6.045506
1 41.76878 34.076309 74.133133 84.343895 9.5580597 5.5627689 0.19157754 4.3491058 0.96440154 2.7044241
1 93.662514 117.61977 32.885544 60.581097 9.1773348 3.9542499 0.14926146 3.3672848 1.1176145 5.2351236
1 77.730431 68.506126 27.601089 29.635687 5.4877267 4.6119714 0.71506321 0.76159304 1.1799247 5.2979712
1 43.469276 31.495169 40.929951 70.340515 22.767326 2.5773849 0.00240228 5.1187611 2.034328 0.01361802
1 44.862354 65.953796 83.7714 79.016113 5.3308721 3.6527376 0.10572557 3.5088151 1.113731 5.2671881
1 72.707596 35.618668 33.032982 57.802223 5.1965561 3.7253141 0.19964799 5.6461167 2.1876235 0.98031706
1 16.143507 79.653099 78.76136 81.757576 5.2850657 4.1517825 0.12415397 5.2640753 0.96019351 0.99876219
1 44.496784 27.741728 66.950836 58.794155 48.099762 6.3249245 0.0019268125 3.7607343 1.8056117 1.0002708
1 94.454651 24.638538 82.979019 72.970627 5.0005126 3.8628442 0.2383396 1.5632313 2.2048769 5.8865867
1 21.588264 102.08946 48.941437 43.941246 10.040683 4.7233219 0.78472215 4.0868969 0.97347111 0.95048362
1 33.016842 61.972668 99.710381 61.912277 13.903766 1.8532487 0.0014617863 1.9322935 1.1456031 1.2743605
1 99.756142 85.189636 62.538944 87.352737 5.656867 2.9461288 0.049143441 3.0445693 1.9496464 6.1306124
1 94.708969 54.679459 33.029713 67.32325 4.6760182 3.322865 0.06558501 3.1654088 1.9772213 0.0011786013
1 85.489159 115.68495 69.289452 60.358471 7.4077368 6.2262163 0.73881996 4.2193184 1.1721455 0.0067089368
1 51.195721 118.48195 54.593853 54.329922 9.328763 4.7437105 0.71560204 4.3111296 0.039027601 5.6615138
1 77.739204 50.817654 45.573616 76.173462 8.8145924 7.9933181 0.21680064 3.565778 1.0617627 2.1294737
1 29.582472 107.11078 56.108871 61.318542 16.651312 2.9210327 0.0021996477 0.80736113 2.1243436 3.5067158
1 114.88284 120.77597 82.463844 47.152401 35.724632 2.4899604 0.00095189473 4.0376115 2.0753589 3.1399403
1 62.132111 74.536873 60.085442 38.392303 8.5993204 7.1037621 0.8420971 4.7648559 1.1304365 0.0010790749
1 101.82098 9.4889317 74.568718 86.396591 6.2118053 4.637496 0.094580181 0.86183739 1.105002 2.1473374
1 36.419353 61.929672 46.493977 65.462006 8.065649 7.0774012 0.49789169 0.40469569 1.0781165 1.0499619
1 26.37842 59.380447 40.588654 77.398918 3.7524724 3.2594948 0.030570913 4.1867499 2.0363467 1.1068701
1 89.404892 48.231556 64.61496 77.317917 36.177723 7.4809065 0.0057396381 0.84053189 0.035390645 2.0412831
1 118.24617 51.454048 47.081238 36.408421 5.865994 4.2836032 0.79034913 4.3305407 2.0281281 2.1290605
1 100.30579 97.866745 79.95002 68.61319 7.6021237 3.9106286 0.3724893 2.7892702 3.0656118 2.9133723
1 68.283623 24.294567 71.20974 49.125462 8.756814 5.7716422 0.76863611 3.0429306 1.1995906 1.1621314
1 11.161718 17.605515 81.421524 29.53306 4.4023433 3.6824696 0.73554355 1.7450742 2.0436983 6.2723174
1 25.37855 78.336655 50.158611 84.094055 5.1329989 4.5821199 0.077293433 5.3937964 1.9655138 0.0085581001
1 113.09138 95.865128 82.611916 80.189758 6.5425358 4.8191781 0.12740757 5.0651665 2.0793514 4.8068967
1 70.401314 69.467102 35.235901 66.945709 4.2412701 2.7456908 0.11751322 1.0088071 2.0801172 5.296124
1 79.930069 88.100899 43.079575 43.124203 6.1704545 4.5882921 0.78782851 4.9042835 2.1538308 1.1998655
1 114.75819 69.659859 26.669439 25.593142 6.2661715 3.183888 0.68509805 5.8910418 1.2180443 4.1759996
1 25.348492 22.374556 83.705246 56.048252 35.777454 5.7097335 0.0075134258 1.8968161 1.1043549 0.046223059
1 71.367004 43.178818 70.444687 41.405418 7.3798561 6.450417 0.83040994 1.0678191 1.9711989 1.0658897
1 26.657808 114.46484 61.246117 33.153728 6.7639241 5.4875169 0.76993495 0.85999894 1.1536064 1.4372513
1 114.93779 20.869169 75.538185 48.459267 9.1004639 4.1547785 0.67607117 1.3026606 2.0232441 1.0508938
1 109.95805 87.678474 31.711142 31.74622 6.3032365 3.8584445 0.5877499 2.5977345 2.0026414 6.2148328
1 76.234451 73.609016 83.027687 43.609573 10.374741 7.3033175 0.79430395 2.4169559 3.0880864 3.4148731
1 46.022171 60.201359 37.382805 68.047066 4.526423 2.8638637 0.076542974 3.3192642 1.9885842 5.3129535
1 50.648823 53.6297 76.023529 83.57296 8.1944189 5.1630735 0.18451916 5.2563977 1.9714147 3.076283
1 45.286396 29.884487 34.430321 28.818569 5.1818132 4.2350435 0.62442845 2.886615 1.1686782 0.10887439
1 71.690704 15.34551 75.833405 60.943253 7.5221453 5.5279412 0.62544256 0.67984635 1.1542232 3.1078663
1 38.362576 120.46538 53.970688 82.999168 6.6120954 3.8652227 0.041765146 3.5180869 1.1447992 3.1387382
1 21.094847 101.03123 84.204376 78.629906 8.4766464 4.0953703 0.082856171 5.8007498 2.1378481 0.1021827
1 83.279938 79.387314 58.89941 84.493179 3.6582229 2.7483413 0.024526412 1.7192703 1.1599075 4.1567059
1 36.453209 113.07665 75.602051 23.317587 6.907073 3.6255095 0.65003401 2.5455992 2.0577638 1.0451262
1 58.714748 84.25441 46.311985 75.398109 4.6699538 3.585149 0.11055873 1.3530611 1.0792781 1.2252301
1 118.59977 43.596546 60.731422 26.837688 5.7956643 5.5823355 0.73298687 1.0918354 1.1412901 2.1330895
1 57.130287 94.738411 68.841858 87.466309 9.1352367 6.2898598 0.20231077 0.3507427 1.207919 0.034312561
1 18.96649 27.685949 47.600471 46.46209 7.1147704 6.6358538 0.74751341 1.7001621 0.08893764 1.980817
1 72.891052 28.246937 44.700497 73.425537 5.8504786 4.0868368 0.2632297 0.99270689 1.9713812 0.011117108
1 10.13355 115.35113 55.892448 33.467728 9.7103138 5.0490022 0.73463386 0.43131688 1.0925353 0.019103618
1 53.318142 12.320652 64.307724 85.939186 10.646736 7.2941046 0.49501815 0.55321616 2.0208066 5.231854
1 44.737022 87.940338 85.132301 76.140594 6.2561178 4.1211829 0.13980322 3.9547589 1.1427622 4.0264506
1 61.752991 67.453789 26.838099 43.946796 5.6831474 3.8532753 0.23132235 0.75049019 1.1725794 0.054651413
1 35.425972 6.0836325 62.453926 41.658722 6.3790793 6.0400996 0.78331059 4.4750638 1.9643381 0.92913622
1 35.29953 30.438679 32.449589 59.908871 4.9234495 4.3793168 0.096829332 1.7976059 1.8821002 4.1959472
1 67.175163 97.944641 93.865219 53.966026 25.65457 5.285532 0.00050306466 5.1854048 0.044090755 2.0969133
1 9.1617241 35.329311 30.391378 20.654938 6.9696875 5.0852618 0.75647521 2.5472775 1.9915766 4.1989856
1 54.444904 49.545506 69.612465 71.882874 21.241438 3.4744925 0.001627403 2.9300754 1.9965866 3.1576602
1 65.933441 31.017046 41.700485 17.950926 5.0863442 3.3793666 0.78699422 6.0697303 1.126699 4.1279087
1 118.31 49.008133 92.834976 60.903091 4.8711128 3.7499533 0.21985291 1.3131174 2.0182939 3.0899363
1 59.914204 109.58574 36.139969 56.957886 8.8876581 5.5559239 0.26410776 2.6283457 0.096660405 4.0948677
1 104.46992 106.43766 85.136597 73.206268 5.7317519 4.8144717 0.16745046 3.1685445 2.014683 5.2633972
1 104.00384 30.840553 91.301338 55.901405 10.359369 5.9905372 0.25760353 2.0369191 3.1258423 3.1514659
1 32.634827 88.931358 86.22139 68.734818 5.5266166 3.8716652 0.19997887 0.42765197 1.901091 3.3517249
1 108.25506 114.117 87.217056 32.779907 6.3353105 4.4187679 0.78052986 6.1873112 1.9905372 0.99933302
1 117.94975 102.08942 67.329605 56.303097 31.646971 3.3493538 0.0034414746 5.8663893 1.1101865 6.2638512
1 14.335112 93.659462 89.827904 71.862022 7.6469159 3.7793667 0.087386474 5.6553068 3.0618031 0.46638739
1 26.842527 68.877785 38.976612 38.382908 5.8973455 4.6595993 0.74817002 0.95622832 1.9297049 3.1266975
1 19.278776 69.867424 53.271324 28.985245 6.0359387 5.600359 0.76688802 3.6515694 1.0783328 3.7936237
1 40.422283 41.25404 79.3461 36.308479 8.3279104 6.0210805 0.73975271 2.6208129 1.1239738 3.0847325
1 113.12159 105.26605 58.104923 86.918488 5.749392 5.6236844 0.12780054 2.3358245 0.9563064 5.712482
1 122.27927 59.641613 67.087029 32.034657 6.416913 4.6853304 0.73361129 0.62208229 2.0719402 3.5460415
1 97.179848 114.22306 92.488632 42.816463 7.0318742 5.0256667 0.59653419 2.9161184 1.9852922 4.2429824
1 56.872627 41.552147 76.28981 41.934315 9.6574564 7.33391 0.78432041 0.89315772 2.0471573 1.0595095
1 10.17817 36.644428 71.310074 85.59697 4.852778 3.9681897 0.058390893 2.5497668 2.0507653 4.2590261
1 6.8058405 103.62746 31.686859 46.942013 12.076498 4.0508952 0.040594772 5.6446815 1.0364504 3.6809454
1 76.578102 104.18462 96.482208 56.008831 4.5725293 2.6664338 0.1769298 2.7960443 1.1186811 6.2412095
1 62.903267 71.644241 78.092896 81.549835 6.3910475 3.6867394 0.088607311 5.7492557 1.1088533 4.1723804
1 15.35493 76.457703 34.199734 32.989803 6.4830408 3.919348 0.79882163 5.6074982 1.1708969 3.3201964
1 77.053223 11.541274 58.179943 85.222572 2.9147282 2.4056008 0.051123861 2.2020075 1.9222668 6.2679176
1 104.347 5.9809861 44.254902 28.883265 5.4813676 5.3695145 0.75470328 3.8714864 2.1174634 1.938653
1 100.38653 38.727097 51.426712 84.697121 6.2441416 4.3469129 0.13958387 1.4371868 1.9923117 1.0557494
1 111.3382 37.493446 56.897682 86.050865 3.9991508 2.4521146 0.055706859 5.5266805 1.9727557 0.002412013
1 63.162292 31.236208 86.719604 73.540947 4.7482738 3.7850065 0.13956238 2.6276739 0.055082131 2.1084759
1 33.265343 123.41578 66.197388 74.284149 6.6998925 3.676847 0.1389007 1.0330185 2.1091325 1.5053815
1 6.606698 60.781548 55.170525 42.648277 6.8428493 5.9283333 0.73973769 5.6902585 1.1264127 4.0856686
1 55.413044 81.459061 65.384811 43.535439 5.2616129 3.9639163 0.70043743 1.7127004 0.97162724 4.5784311
1 12.22093 65.825348 35.323395 44.242928 32.016102 2.6947823 0.0014784982 5.8381839 1.127225 6.259408
1 25.737745 77.495575 75.170792 39.52219 6.8029318 6.2764411 0.68262047 4.3783674 0.070850194 4.1313376
1 10.82944 5.4590402 47.357281 35.338776 6.9671464 6.3778582 0.77455109 2.8136969 1.1285522 2.1155756
1 33.819592 37.384094 51.964596 23.834702 6.3105421 3.5331104 0.68206966 2.5238926 1.0439407 0.0043522962
1 63.943176 118.17194 51.296249 25.444714 5.3484859 5.0503893 0.75134063 1.7127004 0.97162724 4.5784311
1 72.113586 38.537735 64.102264 70.576378 14.093312 2.4028506 0.0012995998 1.961428 0.90279365 0.70493633
1 101.56618 77.964111 98.64135 32.425526 6.5466499 5.9730926 0.75130755 4.2702823 2.22543 3.4081142
1 41.660042 13.777069 72.980118 33.319023 5.6951938 5.2564459 0.80324632 1.9248216 1.0391989 2.0923359
1 33.60503 98.303116 75.235367 40.259487 7.1722164 6.0988059 0.80022019 6.2333927 0.066557638 5.2803068
1 99.344009 110.19827 35.01025 67.798195 6.0644922 3.1241493 0.065763347 5.2078609 1.0875555 3.137867
1 102.79638 23.434959 80.268661 81.030136 3.3033485 2.3511214 0.03561838 6.0520482 1.1942868 6.2393126
1 53.838863 51.478302 61.475113 58.260689 48.931885 1.4030231 0.00022903678 0.60221481 2.1279538 2.8946047
1 88.328224 73.310585 82.683846 22.274288 4.5741906 2.7035029 0.70861852 1.7127004 0.97162724 4.5784311
1 52.453625 42.953087 61.562145 87.917641 6.9003048 4.6103907 0.10175952 0.79562503 1.9578319 5.2505522
1 95.329651 69.938248 62.672379 73.90947 9.7627153 5.1408343 0.78218102 0.59828496 2.082387 3.1446593
1 30.908445 17.581829 92.92334 40.803345 7.6465263 4.7524762 0.65492326 2.2687712 1.1081364 5.2259851
1 82.952164 42.905014 67.197754 59.524014 6.718266 5.4674058 0.79062378 1.5863506 1.8632395 0.011104622
1 113.26277 99.912651 60.473099 34.229538 8.8771706 5.6452208 0.87065798 0.65565348 1.023905 1.8991005
1 9.5249567 102.41236 80.468079 17.567961 6.5527315 3.853632 0.68535316 4.7648559 1.1304365 0.0010790749
1 81.646606 105.20588 43.335583 32.714142 8.3577518 5.0845151 0.79280645 2.0629499 1.0871972 6.1741614
1 60.44318 54.536667 44.60244 54.208096 10.932202 9.9152079 0.60074508 4.639648 1.1013378 4.2151337
1 88.276215 13.912199 61.82843 89.753273 8.0947371 7.1314564 0.14524351 6.1502233 3.06634 3.7473919
1 41.159599 79.704056 62.198132 87.615921 4.6687517 3.8992422 0.12192102 2.7764058 0.96352601 1.8778309
1 42.733318 93.321785 91.292076 25.136244 5.8491507 4.0250926 0.72270334 0.86931479 1.9012032 3.070606
1 29.934591 31.744024 47.586479 24.0877 7.7120275 4.3723493 0.71334374 5.6469779 3.0474923 3.0641615
1 64.22052 117.32267 78.725525 82.004395 4.3407283 3.5891457 0.089028299 1.9802946 2.1142499 1.1177342
1 120.00508 78.234314 60.18589 88.069412 6.3879647 5.8143826 0.11304952 2.6159372 1.1131854 1.0806302
1 7.2063541 82.353256 84.351685 74.829948 6.2145505 4.9569077 0.12378789 1.3516537 1.1329203 3.0741043
1 73.689819 77.16613 29.862997 26.240679 6.5547724 4.5109248 0.82058305 6.0697303 1.126699 4.1279087
1 94.917038 32.425701 49.730843 42.993355 13.779869 7.5529037 0.81862295 0.50589865 0.76145554 4.285573
1 9.2355423 82.245377 50.984898 42.251648 7.7081628 6.6306367 0.75094259 4.9425964 1.1264617 1.0254865
1 114.99332 9.3033876 64.093689 33.965176 6.3369923 4.7071185 0.6520673 2.9793406 1.148734 2.9247909
1 103.2215 104.59097 45.854557 32.562016 7.8788805 5.052237 0.78064346 0.7057609 1.8876691 4.0814466
1 24.618876 10.383574 80.507927 59.59848 20.896082 3.7342427 0.0057393778 2.5987227 1.1167833 2.0184481
1 74.502174 65.726212 93.238182 68.408318 9.3108578 3.8751411 0.093187101 2.6816247 1.0862963 4.1813283
1 70.185768 83.537254 71.728264 86.001442 10.386089 6.1466441 0.1372872 3.3995457 1.0491906 1.0732189
1 63.413391 65.165573 68.500366 24.225605 6.6401858 4.2474871 0.81602669 4.0866466 1.2189964 1.0918446
1 88.934097 78.210251 93.748329 61.988522 5.5298271 4.7663207 0.16621415 1.3968168 2.1599846 3.333236
1 79.776924 113.32095 60.360886 87.843063 5.4864063 4.7872834 0.10100529 0.51969379 2.0094137 0.10624819
1 113.70319 26.303816 63.467052 87.512016 7.4114461 3.6875651 0.13458212 3.0205762 0.073745169 2.1977377
1 115.45325 89.84478 77.726807 25.894722 5.4273381 4.9217582 0.75358415 0.64664608 0.049003139 5.2227325
1 34.311691 82.326187 88.15004 48.439392 7.910358 4.637641 0.4754259 5.2367125 0.94701767 2.6638007
1 63.845703 92.129738 59.345169 33.597935 5.9095669 4.7221589 0.78949386 4.2224264 1.9843425 6.2247229
1 68.59375 5.9465013 86.629585 38.810619 7.5587287 5.1247492 0.7145533 0.50430477 2.0052598 0.056765668
1 14.964811 62.139179 97.273109 60.787159 4.5725188 2.8514049 0.062054992 4.2233648 1.2098788 6.257441
1 119.13193 14.740639 62.60479 27.41217 7.4419136 4.2658877 0.75390035 5.462635 2.1288157 3.327075
1 94.759361 98.270386 54.018726 60.827774 24.507498 1.8042316 0.0010485168 3.696492 1.1171896 3.1528497
1 35.859673 46.846397 68.762329 51.062996 38.99926 1.3774791 4.9474354e-05 3.0564868 1.1719047 0.043323547
1 87.089409 87.926796 57.818134 87.797165 4.3535852 4.1978674 0.069929525 2.8992569 1.9793935 2.0577729
1 47.473869 79.961456 47.028873 45.111217 5.1772408 4.2161784 0.68760437 6.2472277 1.1190125 2.1623335
1 53.293587 107.1319 79.183022 60.036419 7.4158664 5.4238462 0.48824945 4.4645805 0.059701007 5.3411546
1 102.42617 79.663315 73.985435 61.164391 25.051292 5.8433547 0.0065855514 0.80326253 1.0724971 1.0023997
1 6.5427675 89.684486 78.957649 27.745514 19.704929 3.7024953 0.056342851 3.6864104 1.105015 0.053420391
1 34.139435 24.322981 79.407852 34.917095 8.0972795 4.8003001 0.74568856 2.1040821 0.05596026 2.8996031
1 73.345703 110.39527 49.684196 45.656574 6.1583929 5.815505 0.74344313 2.8883884 2.1226227 4.9707747
1 15.406779 49.973972 38.174335 27.192827 4.2058482 3.6829801 0.71957088 2.886615 1.1686782 0.10887439
1 107.4009 55.33569 51.132992 57.173393 44.775368 3.3536241 0.00015554865 2.4034045 0.087095283 1.3711296
1 38.046803 45.758339 49.777538 75.621346 8.9818573 6.9804711 0.32192945 4.8635974 1.9638674 4.1947083
1 79.866287 39.588978 62.317104 86.882362 4.4596443 2.4762747 0.032309316 3.7399821 1.1659089 4.194551
1 99.084129 23.476236 50.276001 53.676273 46.667645 2.846489 0.00061937288 3.9680874 1.088581 2.1626766
1 51.705242 75.600746 96.025467 27.544905 6.5457554 3.8732281 0.63349402 5.0608525 2.0797412 3.1056571
1 14.122589 65.758598 43.075623 67.481972 4.707087 3.5193937 0.2600764 2.6363928 0.91454536 1.9935665
1 39.474052 113.74883 94.17907 64.555389 7.0161185 3.8043165 0.11733954 0.89533436 2.1068215 1.0897846
1 41.822029 71.595932 51.984818 32.690414 6.1452065 3.9582779 0.69381589 1.7450742 2.0436983 6.2723174
1 45.495255 120.60878 32.06591 29.875044 15.92188 4.2919736 0.004893241 0.52459139 2.0120201 5.2029495
1 116.85419 64.230591 47.85775 37.318138 6.0292783 4.2295351 0.63922787 1.1851761 2.1889548 3.114862
1 106.3193 6.4136844 84.991226 21.950354 6.2842007 5.1903338 0.7750811 1.2057067 1.1170537 3.1025436
1 72.358772 5.5410705 35.652889 66.398788 5.0429153 4.006022 0.13670455 3.1881254 1.1991781 1.0162915
1 33.26086 82.497261 35.789238 26.749407 5.3973026 4.5194631 0.71387726 2.1206691 1.9825003 3.1940587
1 36.332619 76.05307 56.689514 40.623211 6.9603257 4.1891475 0.7261731 2.7825692 1.1128317 2.0894461
1 42.840881 111.13383 60.557232 45.635933 27.73406 11.856979 3.2353422e-05 0.52762693 2.2252715 0.34035367
1 10.04723 51.236149 73.436081 83.966957 4.1410737 3.1104851 0.092783891 0.97334564 2.0924695 3.1431055
1 27.639603 43.344486 80.636887 32.074402 6.6629281 6.5116429 0.76844114 5.5922465 3.0717611 0.73982114
1 72.453522 62.011665 41.604904 49.811592 5.6918631 5.0854983 0.59450626 1.5161692 2.1164665 3.8493245
1 108.14459 66.469025 95.076767 54.877647 5.4473486 4.0877957 0.20963512 3.8421373 1.1166061 4.2335296
1 17.84857 92.56591 49.695499 51.813786 9.7412786 7.6707797 0.73471308 0.76298261 1.4837708 6.2525311
1 49.569622 70.66436 54.942245 60.875549 7.0490646 6.1718988 0.62918288 5.233418 0.038293298 1.086273
1 18.258684 59.749306 47.357193 48.193855 7.5933518 5.7200003 0.74325848 6.0817165 1.1389178 3.1304593
1 11.877374 21.913723 50.64172 53.005581 5.33248 4.6586413 0.55164129 2.8839083 1.1324959 3.0424552
1 8.2258263 25.328228 98.342041 46.158043 5.9722257 3.6728661 0.29843068 3.5226479 3.0736077 3.5964499
1 89.750137 23.423779 34.301395 22.214411 5.7830954 3.632417 0.78643966 1.7450742 2.0436983 6.2723174
1 44.083553 27.899925 76.127113 28.630575 6.1310496 3.9054399 0.68586123 2.886615 1.1686782 0.10887439
1 78.198921 4.7361608 104.48726 27.66497 5.1117115 4.4725804 0.76474547 2.1891291 3.0372481 0.31779203
1 116.19064 109.83328 63.681953 36.930038 31.540512 5.1801887 0.0529337 2.3326848 2.0073023 6.1762881
1 53.162941 21.78927 61.021584 49.374149 10.573729 7.1152687 0.81632066 2.9638968 1.1944693 1.0162473
1 120.81734 55.490295 91.533699 45.142857 21.827112 2.6509037 0.0044763279 3.9225757 3.1336215 4.5928593
1 80.384995 18.599104 44.991333 52.564442 6.520092 6.3754001 0.6377058 3.7815642 2.1951623 1.2327099
1 51.233898 101.30993 80.153641 80.385826 2.9934278 1.9042857 0.029226709 3.303314 2.0082428 0.77049446
1 18.790697 86.800438 99.424263 27.182095 6.4124269 4.528203 0.82584721 2.1087081 2.0025339 1.1456269
1 101.31083 46.966278 77.455818 74.069801 9.8487301 6.5582194 0.35058001 3.4379089 1.1445452 4.2357721
1 26.745911 121.97071 90.561211 72.098289 4.0479221 3.0595336 0.033382472 1.2643334 3.0483751 4.1325278
1 38.992294 34.169361 96.272667 55.709656 33.618164 2.564887 0.00029489014 0.90630311 3.0441899 2.6391866
1 8.7868099 44.389797 53.751072 41.874992 7.6269231 6.0433388 0.78107834 5.7800484 1.9286932 4.1783915
1 120.35103 91.008026 53.665028 65.857559 7.4866729 6.0600638 0.37327632 2.6703956 1.0382015 0.50928223
1 66.606499 114.31049 33.615112 52.580738 30.692268 1.3361654 5.6499262e-05 2.0999563 1.9727058 2.056525
1 27.397099 21.543146 37.229912 56.195339 8.5764561 5.5570254 0.38542721 0.81461281 3.1035516 1.3760178
1 79.623978 32.011959 36.848331 47.96772 5.4506774 3.5979974 0.34121931 4.4444141 1.9457989 2.0456855
1 35.725288 119.60623 71.9673 31.118587 8.8132992 4.1842108 0.80519241 4.7834358 0.073087886 5.6665382
1 109.37321 87.153641 90.449883 72.479225 4.6979718 4.000772 0.069941334 5.6361971 3.0496845 6.1921191
1 25.737766 92.653717 45.262234 79.049942 3.3215275 2.8953226 0.048291948 2.1550438 0.033749681 1.71866
1 102.21776 108.88622 86.591347 52.030853 21.930841 4.3156209 0.006120604 1.8271229 1.9718959 5.1842985
1 10.840807 103.31973 100.38251 56.772831 4.2665257 2.0897448 0.040211257 5.1737375 1.0765028 2.1493604
1 62.786781 85.90332 73.681793 34.54092 7.4705458 4.023695 0.79398483 3.5197647 1.038839 0.028806025
1 117.72092 28.016296 69.101852 39.860538 5.9698515 4.6843171 0.7584402 1.6313481 1.0639577 1.0625575
1 18.053534 95.686165 59.615765 53.244331 41.660172 3.3359387 0.00081411714 1.6661618 1.1627487 3.0771329
1 122.76882 70.792641 31.849213 44.725994 13.999072 2.4682665 0.0063180435 0.96008128 1.9503939 1.0138547
1 11.713103 71.727615 73.190094 40.050148 5.8825293 4.7784286 0.71610236 1.6279628 1.1784261 2.0954249
1 85.829338 96.693481 29.34824 34.409466 10.162728 5.6780882 0.66693199 2.1302273 1.9853309 5.1140137
1 116.09755 35.342087 100.8875 54.559422 4.3499837 4.2609162 0.088638961 4.0714626 3.0991669 5.0288148
1 13.879169 86.103188 64.499886 37.495411 31.781374 20.443335 4.5747738e-06 3.8854871 3.0684273 1.4829179
1 46.91597 47.689354 88.933456 74.643265 3.7663608 2.0971298 0.04280949 0.46738571 1.0932473 6.2417512
1 93.664154 102.37343 50.547394 49.821964 42.650738 4.3835101 0.00021954336 4.7726965 2.2318404 2.4214504
1 44.043777 85.884842 31.011427 36.140106 12.042495 3.5081439 0.55646628 2.6422887 1.069311 4.183547
1 55.256073 64.027832 95.999748 30.069115 5.8975434 5.5780554 0.78934819 4.0866466 1.2189964 1.0918446
1 121.98869 42.671272 97.123116 24.138081 6.4170451 3.8753409 0.77265936 3.7982247 1.803681 6.2710872
1 10.213688 26.72893 20.390615 32.328442 4.1143456 3.7751789 0.31836262 5.7848034 2.0115609 6.2729583
1 79.705215 4.626493 24.652008 54.57785 3.9035811 3.3229761 0.092462935 0.79907894 2.0611463 3.1988065
1 71.379074 95.961418 27.650358 62.650574 4.0542555 2.397804 0.029034354 3.4816725 3.0956781 5.6113033
1 73.111443 69.290665 51.216869 16.109932 3.9610825 2.6864648 0.6760093 1.7784499 1.9877267 3.0513098
1 7.7023587 43.479443 91.332352 63.212208 7.431263 4.4312534 0.14611299 3.6239343 0.054151978 0.35504979
1 16.074993 13.793433 52.006905 42.543137 5.0926495 4.8162456 0.75044549 2.5977345 2.0026414 6.2148328
1 39.226345 92.784988 56.61388 17.535206 6.2977295 4.0770535 0.71791428 1.7127004 0.97162724 4.5784311
1 110.93279 81.680359 74.959045 51.095066 7.263607 5.7975173 0.81144798 3.6010108 1.1983055 4.1425266
1 71.568199 59.355003 95.389107 30.952898 7.0766315 4.1450725 0.76734591 2.5472775 1.9915766 4.1989856
1 53.301826 64.731331 40.298435 71.910248 5.0993667 3.703707 0.13830939 3.0528207 0.83621877 2.6037331
1 111.30701 20.486294 30.264803 61.487038 4.200129 3.1843636 0.041620463 0.23121804 1.9899117 5.2428641
1 103.911 78.102051 33.943504 56.240883 10.964189 4.0350919 0.23702134 1.881888 1.1857489 4.2390394
1 104.86258 57.935192 29.640965 53.080055 19.58185 3.5361967 0.0015617975 2.6004612 1.9980738 0.075513639
1 23.157513 116.75486 90.669395 68.750359 5.5095282 3.3076179 0.089834839 5.0175438 1.0581889 0.93783158
1 36.701645 70.326866 78.001472 45.167633 5.3442373 3.7349503 0.59325385 2.5238926 1.0439407 0.0043522962
1 123.14427 31.156126 41.66917 57.812256 10.670517 1.6294932 0.0024470428 0.10754181 2.0883424 4.349144
1 80.203651 123.98455 67.254211 87.084099 3.624007 3.2103691 0.03229722 4.1318274 3.1151471 6.2385006
1 84.594666 70.737427 55.412804 85.876755 4.6676626 4.0397654 0.13626194 1.6116239 2.0165443 4.1559272
1 11.268373 33.522953 71.802803 34.31234 6.4270582 5.4116969 0.77372968 3.8215306 1.1487197 0.91680706
1 79.923851 10.310684 61.229382 46.339394 6.8094707 3.4356709 0.73334265 1.3698903 2.0247664 4.1368885
1 13.283033 109.32507 59.652401 24.478857 7.1489811 3.889528 0.71214336 3.0994332 1.9869014 0.012605333
1 8.3239651 15.172946 54.216492 84.074722 4.2582231 3.5141323 0.087578103 5.861979 1.1053511 2.1020188
1 20.878654 51.470421 72.268898 49.975838 5.8700666 5.0184045 0.72398156 3.2356477 1.9227954 3.7369099
1 67.651459 99.497345 37.23782 73.14183 3.5536008 2.0949895 0.029708765 1.9537703 1.1587909 1.1735307
1 21.514362 109.51707 84.678589 32.395939 6.2316012 4.7310534 0.66749352 3.0322745 0.069686234 2.1052008
1 61.834164 38.874126 44.825298 74.082123 6.226265 4.7352295 0.17160791 5.7920141 1.9516723 5.3344359
1 65.480186 101.6707 76.668167 49.382874 7.0246053 6.2399373 0.80494308 4.0614405 3.0342298 2.8167527
1 54.381031 27.621649 82.616287 74.586746 24.940556 2.4629717 0.0029079195 3.6230032 1.1186289 0.09146098
1 101.01909 38.662247 38.479458 52.778629 40.951523 2.8250751 0.00082489476 4.9726853 1.1541675 5.155025
1 73.910378 34.484863 88.2873 37.62851 10.971702 5.2620935 0.83947581 0.53266871 1.1036171 1.059952
1 119.91173 113.89291 60.166039 86.982506 6.9836936 4.344727 0.095055148 0.048612542 1.1610192 3.0509429
1 57.156677 77.625977 47.613525 82.474831 6.7890406 3.3784022 0.076519638 2.4699252 1.9874172 5.2590079
1 101.96089 92.128235 59.308662 52.552578 10.31084 5.5667663 0.77430367 2.296761 2.0307682 0.9924823
1 24.489103 59.591942 89.321564 30.337349 8.7659311 4.2749944 0.67721599 4.9999814 1.9622204 2.0614076
1 119.67481 63.559273 63.834801 87.675049 5.1218905 3.9060173 0.070187539 0.12979841 2.0049436 1.0650144
1 84.615662 61.40815 63.791023 71.21981 8.3701773 6.2204103 0.83767438 1.2153574 2.059833 2.1191978
1 83.953094 97.435966 89.919739 53.667385 8.0223951 6.5090699 0.4652468 5.7360744 1.0908475 3.1288435
1 42.132469 115.19004 88.74762 68.584167 11.865435 2.3719742 0.001903315 1.1607815 0.0620129 0.46919924
1 20.319216 117.69437 42.013905 37.042282 16.816017 3.7159576 0.0037005222 5.4795957 1.1724867 5.2446313
1 41.009037 114.46751 35.510479 24.658497 7.8924298 4.8405986 0.84680772 0.86931479 1.9012032 3.070606
1 18.311253 90.153358 48.717785 76.160065 3.0516078 1.3107649 0.015012973 5.8376675 1.2144748 4.0794353
1 23.580954 31.907063 82.282112 76.646599 8.1188555 7.1411505 0.23504795 5.6115499 1.9903868 5.1852498
1 73.647415 95.624313 45.202602 28.530796 7.5562887 6.2807536 0.82217008 2.1747954 0.94451791 4.7664256
1 18.747818 49.7612 69.820824 86.69178 4.7385001 3.5809133 0.05408017 3.2664242 3.0641055 4.7615814
1 37.43856 31.918081 69.35614 18.598621 6.6520815 4.1184578 0.72613001 5.6960955 1.125114 6.2505083
1 11.039052 96.631851 62.255096 35.440857 20.796507 2.966372 0.011931181 3.1967087 1.1782554 1.031817
1 19.946987 17.859934 86.577568 21.066458 5.337492 3.9863245 0.79202646 4.8018289 2.2236414 2.4317923
1 105.38992 11.041978 63.996269 17.148506 5.022553 3.2327058 0.65606803 4.0868969 0.97347111 0.95048362
1 68.978981 104.356 38.335419 71.757423 6.9185982 3.3829026 0.10378682 0.95385695 0.10492156 1.1522511
1 14.461886 117.76101 34.374786 65.880165 7.9982495 5.0893741 0.099740878 0.24165784 2.005291 5.2666407
1 116.9846 16.826553 39.597855 73.694763 5.0181556 3.719883 0.10030235 2.2441473 2.020474 6.2668982
1 105.23511 115.24094 48.53886 42.215668 10.02978 2.6067572 0.0041539953 4.7358632 1.0332868 0.60887665
1 18.453489 106.28858 95.837212 24.89366 3.7314682 2.8332322 0.46533656 5.3289194 1.9461892 1.1067172
1 90.310318 39.983452 87.987106 33.77663 8.0072079 4.0745869 0.77003586 0.17025492 3.0571995 0.6724776
1 103.21659 19.931332 43.30632 39.938072 9.1931896 8.7425156 0.82529992 5.3724804 1.9617397 5.2515931
1 80.523766 67.903618 86.853767 74.246277 32.708755 2.7978554 0.0041623069 1.7011113 1.9867914 3.1209576
1 53.97945 32.428665 84.6371 74.147346 4.7405467 3.8533492 0.12972122 3.5802751 1.0824201 4.1829686
1 89.274315 51.75835 80.216408 82.729919 4.0773478 3.4259372 0.053386662 0.20000926 1.1311648 2.0711322
1 96.177795 101.63523 60.181633 86.761429 5.2974458 3.1067812 0.084971391 5.7335486 1.1604043 4.187748
1 95.115891 77.669891 61.183128 38.085491 5.0916424 4.4017606 0.73397487 1.3828123 3.072681 0.14121825
1 122.35386 35.127804 95.58046 26.261244 4.9758906 3.5543842 0.73029155 2.2919645 2.978718 6.2114162
1 29.764137 53.525173 55.963078 49.254639 6.5440269 6.0425429 0.77159184 0.68703073 0.93605292 4.913259
1 20.758148 69.575127 79.018013 81.079712 5.2593498 4.6985869 0.16174832 2.7974832 2.1397867 3.2988138
1 18.857866 57.051979 82.07222 80.362801 2.8999677 2.3822088 0.02231033 2.8291578 0.023668321 0.62910002
1 8.6796808 109.30265 86.339027 72.993095 7.7839441 4.6494226 0.16284265 1.07819 1.1366334 6.2296844
1 20.572287 109.59595 46.488548 78.996292 6.1498661 3.8913698 0.13762896 5.0426459 1.9577552 3.1757612
1 71.279419 108.49312 95.175156 59.904457 5.3713808 3.2065082 0.13745092 3.1137028 1.1241472 2.0857213
1 117.41434 35.700378 67.846794 29.182423 5.7286696 4.0087199 0.74969333 3.6515694 1.0783328 3.7936237
1 52.378162 85.354996 101.75397 32.775639 5.1962361 3.7517467 0.50107175 5.7632723 1.9916984 5.1913276
1 67.840614 122.86616 40.608616 74.048775 4.7561722 3.5638795 0.090264156 4.4084487 1.0816865 2.1428976
1 90.402328 19.32093 74.12429 35.774582 6.5479288 4.1481457 0.77704245 1.2470943 1.2226797 5.2471414
1 31.421516 17.037792 50.659199 64.051765 13.195233 3.9918211 0.0032192955 1.577069 0.055111032 2.714905
1 38.611649 51.717358 97.03524 20.227922 6.5179062 5.2600589 0.68850428 3.9449646 1.6319493 1.0588652
1 45.299015 55.425838 56.400787 35.404579 6.8683066 5.3225584 0.71523917 4.6343575 2.1109307 5.2924047
1 44.855755 73.430626 71.72377 86.110802 4.2347231 2.915894 0.042125612 5.8511386 2.0456119 1.1087707
1 94.916664 84.502945 40.492195 32.785603 10.34367 5.1596847 0.68334687 4.2081442 1.1285213 5.2317929
1 32.630447 107.49317 54.890289 82.448517 7.9672861 5.4337454 0.37619713 4.1242161 1.1428741 3.1783028
1 47.504822 123.14557 81.956299 47.439129 7.4948678 3.6593516 0.63517475 5.7418151 1.1018504 4.1638589
1 9.4561529 71.517372 82.103897 79.570885 5.1854968 4.5528507 0.077729777 3.1926031 2.176811 1.5831963
1 65.572006 20.896944 61.493328 88.706711 7.6695423 5.1995993 0.096911386 2.2146187 2.0077412 5.1670289
1 9.454442 111.95444 22.51025 28.209648 19.950447 1.9326932 0.00026572953 0.95444262 1.1645147 4.2044907
1 31.508146 106.56854 45.381462 52.850037 13.690094 4.1433668 0.001831328 5.6158695 1.9763981 5.3944569
1 117.64934 117.34832 88.560204 23.950436 5.2562103 2.62269 0.67647171 2.886615 1.1686782 0.10887439
1 17.542002 118.95873 46.858292 47.808689 25.403669 3.0353341 0.00017523722 6.107161 1.9526223 2.3138835
1 94.142395 46.37355 53.653996 36.396786 7.5780005 5.7070313 0.73990399 5.3681474 1.2217166 5.2296448
